#Layer_Color=9474304
#
#Feature symbol names
#
$0 r5
$1 r6.6666

#
#Feature attribute names
#

#
#Layer features
#
A 0.2247244 1.2677165 0.2247244 1.2677165 0.2047244 1.2677165 1 P 0 N
A 0.6971654 1.2677165 0.6971654 1.2677165 0.6771654 1.2677165 1 P 0 N
L -0.003937 0.5429921 0.016063 0.5829921 0 P 0
L -0.003937 0.6217323 0.016063 0.6617323 0 P 0
L -0.003937 0.7870866 0.016063 0.8270866 0 P 0
L -0.004252 2.6971654 0.015748 2.6571654 0 P 0
L -0.004252 2.6971654 0.035748 2.6971654 0 P 0
L -0.004252 2.7404724 0.015748 2.7004724 0 P 0
L -0.004252 2.7404724 0.035748 2.7404724 0 P 0
L -0.004252 2.7837795 0.015748 2.7437795 0 P 0
L -0.004252 2.7837795 0.035748 2.7837795 0 P 0
L -0.0042521 2.4086405 0.0157479 2.3686405 0 P 0
L -0.0042521 2.4086405 0.0357479 2.4086405 0 P 0
L -0.007874 0.5784252 0.012126 0.6184252 0 P 0
L -0.007874 1.476063 0.012126 1.516063 0 P 0
L -0.007874 1.5154331 0.012126 1.5554331 0 P 0
L -0.007874 1.5548031 0.012126 1.5948031 0 P 0
L -0.007874 1.5941732 0.012126 1.6341732 0 P 0
L -0.007874 1.7162205 0.012126 1.7562205 0 P 0
L -0.007874 1.7555906 0.012126 1.7955906 0 P 0
L -0.007874 1.7949606 0.012126 1.8349606 0 P 0
L -0.007874 1.8343307 0.012126 1.8743307 0 P 0
L -0.007874 1.8737008 0.012126 1.9137008 0 P 0
L -0.007874 1.9130709 0.012126 1.9530709 0 P 0
L -0.007874 1.952441 0.012126 1.992441 0 P 0
L -0.01 -0.02 -0.01 -0.01 0 P 0
L -0.01 -0.02 0.01 -0.02 0 P 0
L -0.01 0.01 -0.01 0.02 0 P 0
L -0.01 0.02 0.01 0.02 0 P 0
L -0.01 3.8500787 -0.01 3.8600787 0 P 0
L -0.01 3.8500787 0.01 3.8500787 0 P 0
L -0.01 3.8800787 -0.01 3.8900787 0 P 0
L -0.01 3.8900787 0.01 3.8900787 0 P 0
L -0.011811 2.7949606 0.008189 2.8349606 0 P 0
L -0.016063 2.6420472 0.003937 2.6020472 0 P 0
L -0.016063 2.6420472 0.023937 2.6420472 0 P 0
L -0.02 -0.01 -0.01 -0.01 0 P 0
L -0.02 -0.01 -0.02 0.01 0 P 0
L -0.02 0.01 -0.01 0.01 0 P 0
L -0.02 3.3310236 0 3.2910236 0 P 0
L -0.02 3.3310236 0.02 3.3310236 0 P 0
L -0.02 3.8600787 -0.01 3.8600787 0 P 0
L -0.02 3.8600787 -0.02 3.8800787 0 P 0
L -0.02 3.8800787 -0.01 3.8800787 0 P 0
L -0.023622 0.1768504 -0.003622 0.2168504 0 P 0
L -0.023937 0.5829921 -0.003937 0.5429921 0 P 0
L -0.023937 0.5829921 0.016063 0.5829921 0 P 0
L -0.023937 0.6617323 -0.003937 0.6217323 0 P 0
L -0.023937 0.6617323 0.016063 0.6617323 0 P 0
L -0.023937 0.8270866 -0.003937 0.7870866 0 P 0
L -0.023937 0.8270866 0.016063 0.8270866 0 P 0
L -0.0248625 1.9934397 -0.0048625 2.0334397 0 P 0
L -0.0275591 0.1374803 -0.0075591 0.1774803 0 P 0
L -0.027874 0.6184252 -0.007874 0.5784252 0 P 0
L -0.027874 0.6184252 0.012126 0.6184252 0 P 0
L -0.027874 1.516063 -0.007874 1.476063 0 P 0
L -0.027874 1.516063 0.012126 1.516063 0 P 0
L -0.027874 1.5554331 -0.007874 1.5154331 0 P 0
L -0.027874 1.5554331 0.012126 1.5554331 0 P 0
L -0.027874 1.5948031 -0.007874 1.5548031 0 P 0
L -0.027874 1.5948031 0.012126 1.5948031 0 P 0
L -0.027874 1.6341732 -0.007874 1.5941732 0 P 0
L -0.027874 1.6341732 0.012126 1.6341732 0 P 0
L -0.027874 1.7562205 -0.007874 1.7162205 0 P 0
L -0.027874 1.7562205 0.012126 1.7562205 0 P 0
L -0.027874 1.7955906 -0.007874 1.7555906 0 P 0
L -0.027874 1.7955906 0.012126 1.7955906 0 P 0
L -0.027874 1.8349606 -0.007874 1.7949606 0 P 0
L -0.027874 1.8349606 0.012126 1.8349606 0 P 0
L -0.027874 1.8743307 -0.007874 1.8343307 0 P 0
L -0.027874 1.8743307 0.012126 1.8743307 0 P 0
L -0.027874 1.9137008 -0.007874 1.8737008 0 P 0
L -0.027874 1.9137008 0.012126 1.9137008 0 P 0
L -0.027874 1.9530709 -0.007874 1.9130709 0 P 0
L -0.027874 1.9530709 0.012126 1.9530709 0 P 0
L -0.027874 1.992441 -0.007874 1.952441 0 P 0
L -0.027874 1.992441 0.012126 1.992441 0 P 0
L -0.0314961 3.7004724 -0.0114961 3.7404724 0 P 0
L -0.031811 2.8349606 -0.011811 2.7949606 0 P 0
L -0.031811 2.8349606 0.008189 2.8349606 0 P 0
L -0.0393701 0.8973228 -0.0193701 0.9373228 0 P 0
L -0.043622 0.2168504 -0.003622 0.2168504 0 P 0
L -0.043622 0.2168504 -0.023622 0.1768504 0 P 0
L -0.0448625 2.0334397 -0.0048625 2.0334397 0 P 0
L -0.0448625 2.0334397 -0.0248625 1.9934397 0 P 0
L -0.0472441 1.5941732 -0.0272441 1.6341732 0 P 0
L -0.0472441 1.7949606 -0.0272441 1.8349606 0 P 0
L -0.0475591 0.1774803 -0.0075591 0.1774803 0 P 0
L -0.0475591 0.1774803 -0.0275591 0.1374803 0 P 0
L -0.0514961 3.7404724 -0.0114961 3.7404724 0 P 0
L -0.0514961 3.7404724 -0.0314961 3.7004724 0 P 0
L -0.0551181 0.1099213 -0.0351181 0.1499213 0 P 0
L -0.0556745 0.6710685 -0.0356745 0.7110685 0 P 0
L -0.0593701 0.9373228 -0.0193701 0.9373228 0 P 0
L -0.0593701 0.9373228 -0.0393701 0.8973228 0 P 0
L -0.0672441 1.6341732 -0.0272441 1.6341732 0 P 0
L -0.0672441 1.6341732 -0.0472441 1.5941732 0 P 0
L -0.0672441 1.8349606 -0.0272441 1.8349606 0 P 0
L -0.0672441 1.8349606 -0.0472441 1.7949606 0 P 0
L -0.0708661 3.1886614 -0.0508661 3.2286614 0 P 0
L -0.0748032 2.6807874 -0.0548032 2.7207874 0 P 0
L -0.0748032 2.7201576 -0.0548032 2.7601576 0 P 0
L -0.0751181 0.1499213 -0.0351181 0.1499213 0 P 0
L -0.0751181 0.1499213 -0.0551181 0.1099213 0 P 0
L -0.0756745 0.7110685 -0.0356745 0.7110685 0 P 0
L -0.0756745 0.7110685 -0.0556745 0.6710685 0 P 0
L -0.0826772 0.1374803 -0.0626772 0.1774803 0 P 0
L -0.0826772 1.7949606 -0.0626772 1.8349606 0 P 0
L -0.0826772 2.2831496 -0.0626772 2.3231496 0 P 0
L -0.0826772 2.3422047 -0.0626772 2.3822047 0 P 0
L -0.0905512 0.6729134 -0.0705512 0.7129134 0 P 0
L -0.0908661 3.2286614 -0.0508661 3.2286614 0 P 0
L -0.0908661 3.2286614 -0.0708661 3.1886614 0 P 0
L -0.0944882 0.7713386 -0.0744882 0.8113386 0 P 0
L -0.0944882 0.8067717 -0.0744882 0.8467717 0 P 0
L -0.0948032 2.7207874 -0.0548032 2.7207874 0 P 0
L -0.0948032 2.7207874 -0.0748032 2.6807874 0 P 0
L -0.0948032 2.7601576 -0.0548032 2.7601576 0 P 0
L -0.0948032 2.7601576 -0.0748032 2.7201576 0 P 0
L -0.1026772 0.1774803 -0.0626772 0.1774803 0 P 0
L -0.1026772 0.1774803 -0.0826772 0.1374803 0 P 0
L -0.1026772 1.8349606 -0.0626772 1.8349606 0 P 0
L -0.1026772 1.8349606 -0.0826772 1.7949606 0 P 0
L -0.1026772 2.3231496 -0.0626772 2.3231496 0 P 0
L -0.1026772 2.3231496 -0.0826772 2.2831496 0 P 0
L -0.1026772 2.3822047 -0.0626772 2.3822047 0 P 0
L -0.1026772 2.3822047 -0.0826772 2.3422047 0 P 0
L -0.1084646 0.3919437 -0.0884646 0.4319437 0 P 0
L -0.1105512 0.7129134 -0.0705512 0.7129134 0 P 0
L -0.1105512 0.7129134 -0.0905512 0.6729134 0 P 0
L -0.1141732 0.8618898 -0.0941732 0.9018898 0 P 0
L -0.1144882 0.8113386 -0.0744882 0.8113386 0 P 0
L -0.1144882 0.8113386 -0.0944882 0.7713386 0 P 0
L -0.1144882 0.8467717 -0.0744882 0.8467717 0 P 0
L -0.1144882 0.8467717 -0.0944882 0.8067717 0 P 0
L -0.1259843 1.7083465 -0.1059843 1.7483465 0 P 0
L -0.1284646 0.4319437 -0.0884646 0.4319437 0 P 0
L -0.1284646 0.4319437 -0.1084646 0.3919437 0 P 0
L -0.1299213 3.4012598 -0.1099213 3.4412598 0 P 0
L -0.1299213 3.487874 -0.1099213 3.527874 0 P 0
L -0.1341732 0.9018898 -0.0941732 0.9018898 0 P 0
L -0.1341732 0.9018898 -0.1141732 0.8618898 0 P 0
L -0.1459843 1.7483465 -0.1059843 1.7483465 0 P 0
L -0.1459843 1.7483465 -0.1259843 1.7083465 0 P 0
L -0.1499213 3.4412598 -0.1099213 3.4412598 0 P 0
L -0.1499213 3.4412598 -0.1299213 3.4012598 0 P 0
L -0.1499213 3.527874 -0.1099213 3.527874 0 P 0
L -0.1499213 3.527874 -0.1299213 3.487874 0 P 0
L -0.1692913 1.6414173 -0.1492913 1.6814173 0 P 0
L -0.1692913 1.6886614 -0.1492913 1.7286614 0 P 0
L -0.1692913 1.7949606 -0.1492913 1.8349606 0 P 0
L -0.1692913 1.8461417 -0.1492913 1.8861417 0 P 0
L -0.1692913 1.9012598 -0.1492913 1.9412598 0 P 0
L -0.1892913 1.6814173 -0.1492913 1.6814173 0 P 0
L -0.1892913 1.6814173 -0.1692913 1.6414173 0 P 0
L -0.1892913 1.7286614 -0.1492913 1.7286614 0 P 0
L -0.1892913 1.7286614 -0.1692913 1.6886614 0 P 0
L -0.1892913 1.8349606 -0.1492913 1.8349606 0 P 0
L -0.1892913 1.8349606 -0.1692913 1.7949606 0 P 0
L -0.1892913 1.8861417 -0.1492913 1.8861417 0 P 0
L -0.1892913 1.8861417 -0.1692913 1.8461417 0 P 0
L -0.1892913 1.9412598 -0.1492913 1.9412598 0 P 0
L -0.1892913 1.9412598 -0.1692913 1.9012598 0 P 0
L 0 3.2910236 0.02 3.3310236 0 P 0
L 0.003937 2.6020472 0.023937 2.6420472 0 P 0
L 0.01 -0.01 0.02 -0.01 0 P 0
L 0.01 -0.02 0.01 -0.01 0 P 0
L 0.01 0.01 0.01 0.02 0 P 0
L 0.01 0.01 0.02 0.01 0 P 0
L 0.01 3.8500787 0.01 3.8600787 0 P 0
L 0.01 3.8600787 0.02 3.8600787 0 P 0
L 0.01 3.8800787 0.01 3.8900787 0 P 0
L 0.01 3.8800787 0.02 3.8800787 0 P 0
L 0.0114961 1.516063 0.0314961 1.476063 0 P 0
L 0.0114961 1.516063 0.0514961 1.516063 0 P 0
L 0.0114961 1.8743307 0.0314961 1.8343307 0 P 0
L 0.0114961 1.8743307 0.0514961 1.8743307 0 P 0
L 0.0114961 1.9924409 0.0314961 1.9524409 0 P 0
L 0.0114961 1.9924409 0.0514961 1.9924409 0 P 0
L 0.0154331 3.4333858 0.0354331 3.3933858 0 P 0
L 0.0154331 3.4333858 0.0554331 3.4333858 0 P 0
L 0.0157479 2.3686405 0.0357479 2.4086405 0 P 0
L 0.015748 2.6571654 0.035748 2.6971654 0 P 0
L 0.015748 2.7004724 0.035748 2.7404724 0 P 0
L 0.015748 2.7437795 0.035748 2.7837795 0 P 0
L 0.0193701 2.996378 0.0393701 2.956378 0 P 0
L 0.0193701 2.996378 0.0593701 2.996378 0 P 0
L 0.0193701 3.035748 0.0393701 2.995748 0 P 0
L 0.0193701 3.035748 0.0593701 3.035748 0 P 0
L 0.0193701 3.0751181 0.0393701 3.0351181 0 P 0
L 0.0193701 3.0751181 0.0593701 3.0751181 0 P 0
L 0.02 -0.01 0.02 0.01 0 P 0
L 0.02 3.8600787 0.02 3.8800787 0 P 0
L 0.0233071 0.539685 0.0433071 0.499685 0 P 0
L 0.0233071 0.539685 0.0633071 0.539685 0 P 0
L 0.0233071 0.8192126 0.0433071 0.7792126 0 P 0
L 0.0233071 0.8192126 0.0633071 0.8192126 0 P 0
L 0.0233071 0.8546457 0.0433071 0.8146457 0 P 0
L 0.0233071 0.8546457 0.0633071 0.8546457 0 P 0
L 0.0233071 3.7404724 0.0433071 3.7004724 0 P 0
L 0.0233071 3.7404724 0.0633071 3.7404724 0 P 0
L 0.0311811 2.6105512 0.0511811 2.5705512 0 P 0
L 0.0311811 2.6105512 0.0711811 2.6105512 0 P 0
L 0.0314961 1.476063 0.0514961 1.516063 0 P 0
L 0.0314961 1.8343307 0.0514961 1.8743307 0 P 0
L 0.0314961 1.9524409 0.0514961 1.9924409 0 P 0
L 0.0351181 0.9609449 0.0551181 0.9209449 0 P 0
L 0.0351181 0.9609449 0.0751181 0.9609449 0 P 0
L 0.0354331 3.3933858 0.0554331 3.4333858 0 P 0
L 0.0390551 0.500315 0.0590551 0.460315 0 P 0
L 0.0390551 0.500315 0.0790551 0.500315 0 P 0
L 0.0393701 2.956378 0.0593701 2.996378 0 P 0
L 0.0393701 2.995748 0.0593701 3.035748 0 P 0
L 0.0393701 3.0351181 0.0593701 3.0751181 0 P 0
L 0.0433071 0.499685 0.0633071 0.539685 0 P 0
L 0.0433071 0.7792126 0.0633071 0.8192126 0 P 0
L 0.0433071 0.8146457 0.0633071 0.8546457 0 P 0
L 0.0433071 3.7004724 0.0633071 3.7404724 0 P 0
L 0.0469291 0.1381102 0.0669291 0.0981102 0 P 0
L 0.0469291 0.1381102 0.0869291 0.1381102 0 P 0
L 0.0469291 3.4766929 0.0669291 3.4366929 0 P 0
L 0.0469291 3.4766929 0.0869291 3.4766929 0 P 0
L 0.0469291 3.6105512 0.0669291 3.5705512 0 P 0
L 0.0469291 3.6105512 0.0869291 3.6105512 0 P 0
L 0.0469291 3.6499213 0.0669291 3.6099213 0 P 0
L 0.0469291 3.6499213 0.0869291 3.6499213 0 P 0
L 0.0508661 0.2270866 0.0708661 0.1870866 0 P 0
L 0.0508661 0.2270866 0.0908661 0.2270866 0 P 0
L 0.0511811 2.5705512 0.0711811 2.6105512 0 P 0
L 0.0548031 0.539685 0.0748031 0.499685 0 P 0
L 0.0548031 0.539685 0.0948031 0.539685 0 P 0
L 0.0551181 0.9209449 0.0751181 0.9609449 0 P 0
L 0.0567716 0.6863805 0.0767716 0.6463805 0 P 0
L 0.0567716 0.6863805 0.0967716 0.6863805 0 P 0
L 0.0587402 3.0751181 0.0787402 3.0351181 0 P 0
L 0.0587402 3.0751181 0.0987402 3.0751181 0 P 0
L 0.0587402 3.3349606 0.0787402 3.2949606 0 P 0
L 0.0587402 3.3349606 0.0987402 3.3349606 0 P 0
L 0.0590551 0.460315 0.0790551 0.500315 0 P 0
L 0.0645143 3.3817882 0.0845143 3.3417882 0 P 0
L 0.0645143 3.3817882 0.1045143 3.3817882 0 P 0
L 0.0669291 0.0981102 0.0869291 0.1381102 0 P 0
L 0.0669291 3.4366929 0.0869291 3.4766929 0 P 0
L 0.0669291 3.5705512 0.0869291 3.6105512 0 P 0
L 0.0669291 3.6099213 0.0869291 3.6499213 0 P 0
L 0.0708661 0.1870866 0.0908661 0.2270866 0 P 0
L 0.0744882 0.012126 0.0944882 -0.027874 0 P 0
L 0.0744882 0.012126 0.1144882 0.012126 0 P 0
L 0.0744882 0.0554331 0.0944882 0.0154331 0 P 0
L 0.0744882 0.0554331 0.1144882 0.0554331 0 P 0
L 0.0744882 0.9609449 0.0944882 0.9209449 0 P 0
L 0.0744882 0.9609449 0.1144882 0.9609449 0 P 0
L 0.0748031 0.499685 0.0948031 0.539685 0 P 0
L 0.0767716 0.6463805 0.0967716 0.6863805 0 P 0
L 0.0784252 1.0593701 0.0984252 1.0193701 0 P 0
L 0.0784252 1.0593701 0.1184252 1.0593701 0 P 0
L 0.0784252 2.4727559 0.0984252 2.4327559 0 P 0
L 0.0784252 2.4727559 0.1184252 2.4727559 0 P 0
L 0.0787402 3.0351181 0.0987402 3.0751181 0 P 0
L 0.0787402 3.2949606 0.0987402 3.3349606 0 P 0
L 0.0823622 0.8861417 0.1023622 0.8461417 0 P 0
L 0.0823622 0.8861417 0.1223622 0.8861417 0 P 0
L 0.0845143 3.3417882 0.1045143 3.3817882 0 P 0
L 0.0862992 1.8192126 0.1062992 1.7792126 0 P 0
L 0.0862992 1.8192126 0.1262992 1.8192126 0 P 0
L 0.0862992 1.8664567 0.1062992 1.8264567 0 P 0
L 0.0862992 1.8664567 0.1262992 1.8664567 0 P 0
L 0.0862992 1.9137008 0.1062992 1.8737008 0 P 0
L 0.0862992 1.9137008 0.1262992 1.9137008 0 P 0
L 0.0862992 1.9609449 0.1062992 1.9209449 0 P 0
L 0.0862992 1.9609449 0.1262992 1.9609449 0 P 0
L 0.0902362 3.1184252 0.1102362 3.0784252 0 P 0
L 0.0902362 3.1184252 0.1302362 3.1184252 0 P 0
L 0.0902362 3.3507087 0.1102362 3.3107087 0 P 0
L 0.0902362 3.3507087 0.1302362 3.3507087 0 P 0
L 0.0944882 -0.027874 0.1144882 0.012126 0 P 0
L 0.0944882 0.0154331 0.1144882 0.0554331 0 P 0
L 0.0944882 0.9209449 0.1144882 0.9609449 0 P 0
L 0.0961417 0.6903175 0.1161417 0.6503175 0 P 0
L 0.0961417 0.6903175 0.1361417 0.6903175 0 P 0
L 0.0981102 0.9255118 0.1181102 0.8855118 0 P 0
L 0.0981102 0.9255118 0.1381102 0.9255118 0 P 0
L 0.0981102 3.0790551 0.1181102 3.0390551 0 P 0
L 0.0981102 3.0790551 0.1381102 3.0790551 0 P 0
L 0.0981102 3.2247244 0.1181102 3.1847244 0 P 0
L 0.0981102 3.2247244 0.1381102 3.2247244 0 P 0
L 0.0981102 3.2562205 0.1181102 3.2162205 0 P 0
L 0.0981102 3.2562205 0.1381102 3.2562205 0 P 0
L 0.0984252 1.0193701 0.1184252 1.0593701 0 P 0
L 0.0984252 2.4327559 0.1184252 2.4727559 0 P 0
L 0.1023622 0.8461417 0.1223622 0.8861417 0 P 0
L 0.1059843 3.5711811 0.1259843 3.5311811 0 P 0
L 0.1059843 3.5711811 0.1459843 3.5711811 0 P 0
L 0.1062992 1.7792126 0.1262992 1.8192126 0 P 0
L 0.1062992 1.8264567 0.1262992 1.8664567 0 P 0
L 0.1062992 1.8737008 0.1262992 1.9137008 0 P 0
L 0.1062992 1.9209449 0.1262992 1.9609449 0 P 0
L 0.1102362 3.0784252 0.1302362 3.1184252 0 P 0
L 0.1102362 3.3107087 0.1302362 3.3507087 0 P 0
L 0.1138583 1.5554331 0.1338583 1.5154331 0 P 0
L 0.1138583 1.5554331 0.1538583 1.5554331 0 P 0
L 0.1138583 3.1696063 0.1338583 3.1296063 0 P 0
L 0.1138583 3.1696063 0.1538583 3.1696063 0 P 0
L 0.1161417 0.6503175 0.1361417 0.6903175 0 P 0
L 0.1177953 0.0790551 0.1377953 0.0390551 0 P 0
L 0.1177953 0.0790551 0.1577953 0.0790551 0 P 0
L 0.1177953 0.1381102 0.1377953 0.0981102 0 P 0
L 0.1177953 0.1381102 0.1577953 0.1381102 0 P 0
L 0.1177953 0.8546457 0.1377953 0.8146457 0 P 0
L 0.1177953 0.8546457 0.1577953 0.8546457 0 P 0
L 0.1181102 0.8855118 0.1381102 0.9255118 0 P 0
L 0.1181102 3.0390551 0.1381102 3.0790551 0 P 0
L 0.1181102 3.1847244 0.1381102 3.2247244 0 P 0
L 0.1181102 3.2162205 0.1381102 3.2562205 0 P 0
L 0.1217323 3.8507087 0.1417323 3.8107087 0 P 0
L 0.1217323 3.8507087 0.1617323 3.8507087 0 P 0
L 0.1256692 3.7404724 0.1456692 3.7004724 0 P 0
L 0.1256692 3.7404724 0.1656692 3.7404724 0 P 0
L 0.1256693 3.1184252 0.1456693 3.0784252 0 P 0
L 0.1256693 3.1184252 0.1656693 3.1184252 0 P 0
L 0.1259843 3.5311811 0.1459843 3.5711811 0 P 0
L 0.1335433 1.8192126 0.1535433 1.7792126 0 P 0
L 0.1335433 1.8192126 0.1735433 1.8192126 0 P 0
L 0.1335433 1.8664567 0.1535433 1.8264567 0 P 0
L 0.1335433 1.8664567 0.1735433 1.8664567 0 P 0
L 0.1335433 1.9137008 0.1535433 1.8737008 0 P 0
L 0.1335433 1.9137008 0.1735433 1.9137008 0 P 0
L 0.1335433 1.9609449 0.1535433 1.9209449 0 P 0
L 0.1335433 1.9609449 0.1735433 1.9609449 0 P 0
L 0.1335433 2.4373228 0.1535433 2.3973228 0 P 0
L 0.1335433 2.4373228 0.1735433 2.4373228 0 P 0
L 0.1335433 2.496378 0.1535433 2.456378 0 P 0
L 0.1335433 2.496378 0.1735433 2.496378 0 P 0
L 0.1335433 3.6696063 0.1535433 3.6296063 0 P 0
L 0.1335433 3.6696063 0.1735433 3.6696063 0 P 0
L 0.1338583 1.5154331 0.1538583 1.5554331 0 P 0
L 0.1338583 3.1296063 0.1538583 3.1696063 0 P 0
L 0.1355118 0.5210262 0.1555118 0.4810262 0 P 0
L 0.1355118 0.5210262 0.1755118 0.5210262 0 P 0
L 0.1355118 0.5958293 0.1555118 0.5558293 0 P 0
L 0.1355118 0.5958293 0.1755118 0.5958293 0 P 0
L 0.1374803 0.996378 0.1574803 0.956378 0 P 0
L 0.1374803 0.996378 0.1774803 0.996378 0 P 0
L 0.1374803 2.5829921 0.1574803 2.5429921 0 P 0
L 0.1374803 2.5829921 0.1774803 2.5829921 0 P 0
L 0.1374803 2.6617323 0.1574803 2.6217323 0 P 0
L 0.1374803 2.6617323 0.1774803 2.6617323 0 P 0
L 0.1374803 2.996378 0.1574803 2.956378 0 P 0
L 0.1374803 2.996378 0.1774803 2.996378 0 P 0
L 0.1374803 3.035748 0.1574803 2.995748 0 P 0
L 0.1374803 3.035748 0.1774803 3.035748 0 P 0
L 0.1377953 0.0390551 0.1577953 0.0790551 0 P 0
L 0.1377953 0.0981102 0.1577953 0.1381102 0 P 0
L 0.1377953 0.8146457 0.1577953 0.8546457 0 P 0
L 0.1414173 2.8782677 0.1614173 2.8382677 0 P 0
L 0.1414173 2.8782677 0.1814173 2.8782677 0 P 0
L 0.1414173 3.6302362 0.1614173 3.5902362 0 P 0
L 0.1414173 3.6302362 0.1814173 3.6302362 0 P 0
L 0.1417323 3.8107087 0.1617323 3.8507087 0 P 0
L 0.1456692 3.7004724 0.1656692 3.7404724 0 P 0
L 0.1456693 3.0784252 0.1656693 3.1184252 0 P 0
L 0.1492913 0.6577953 0.1692913 0.6177953 0 P 0
L 0.1492913 0.6577953 0.1892913 0.6577953 0 P 0
L 0.1492913 0.7050394 0.1692913 0.6650394 0 P 0
L 0.1492913 0.7050394 0.1892913 0.7050394 0 P 0
L 0.1532283 3.4766929 0.1732283 3.4366929 0 P 0
L 0.1532283 3.4766929 0.1932283 3.4766929 0 P 0
L 0.1535433 1.7792126 0.1735433 1.8192126 0 P 0
L 0.1535433 1.8264567 0.1735433 1.8664567 0 P 0
L 0.1535433 1.8737008 0.1735433 1.9137008 0 P 0
L 0.1535433 1.9209449 0.1735433 1.9609449 0 P 0
L 0.1535433 2.3973228 0.1735433 2.4373228 0 P 0
L 0.1535433 2.456378 0.1735433 2.496378 0 P 0
L 0.1535433 3.6296063 0.1735433 3.6696063 0 P 0
L 0.1555118 0.4810262 0.1755118 0.5210262 0 P 0
L 0.1555118 0.5558293 0.1755118 0.5958293 0 P 0
L 0.1574803 0.956378 0.1774803 0.996378 0 P 0
L 0.1574803 2.5429921 0.1774803 2.5829921 0 P 0
L 0.1574803 2.6217323 0.1774803 2.6617323 0 P 0
L 0.1574803 2.956378 0.1774803 2.996378 0 P 0
L 0.1574803 2.995748 0.1774803 3.035748 0 P 0
L 0.1593455 1.4845893 0.1793455 1.4445893 0 P 0
L 0.1593455 1.4845893 0.1993455 1.4845893 0 P 0
L 0.1611024 0.8349606 0.1811024 0.7949606 0 P 0
L 0.1611024 0.8349606 0.2011024 0.8349606 0 P 0
L 0.1611024 3.5514961 0.1811024 3.5114961 0 P 0
L 0.1611024 3.5514961 0.2011024 3.5514961 0 P 0
L 0.1611024 3.9373228 0.1811024 3.8973228 0 P 0
L 0.1611024 3.9373228 0.2011024 3.9373228 0 P 0
L 0.1614173 2.8382677 0.1814173 2.8782677 0 P 0
L 0.1614173 3.5902362 0.1814173 3.6302362 0 P 0
L 0.1692913 0.6177953 0.1892913 0.6577953 0 P 0
L 0.1692913 0.6650394 0.1892913 0.7050394 0 P 0
L 0.1729134 2.3483981 0.1929134 2.3083981 0 P 0
L 0.1729134 2.3483981 0.2129134 2.3483981 0 P 0
L 0.1729134 3.3152756 0.1929134 3.2752756 0 P 0
L 0.1729134 3.3152756 0.2129134 3.3152756 0 P 0
L 0.1732283 3.4366929 0.1932283 3.4766929 0 P 0
L 0.1793455 1.4445893 0.1993455 1.4845893 0 P 0
L 0.1807874 1.8192126 0.2007874 1.7792126 0 P 0
L 0.1807874 1.8192126 0.2207874 1.8192126 0 P 0
L 0.1807874 1.8664567 0.2007874 1.8264567 0 P 0
L 0.1807874 1.8664567 0.2207874 1.8664567 0 P 0
L 0.1807874 1.9137008 0.2007874 1.8737008 0 P 0
L 0.1807874 1.9137008 0.2207874 1.9137008 0 P 0
L 0.1807874 1.9609449 0.2007874 1.9209449 0 P 0
L 0.1807874 1.9609449 0.2207874 1.9609449 0 P 0
L 0.1807874 3.2286614 0.2007874 3.1886614 0 P 0
L 0.1807874 3.2286614 0.2207874 3.2286614 0 P 0
L 0.1811024 0.7949606 0.2011024 0.8349606 0 P 0
L 0.1811024 3.5114961 0.2011024 3.5514961 0 P 0
L 0.1811024 3.8973228 0.2011024 3.9373228 0 P 0
L 0.1847244 2.2483465 0.2047244 2.2083465 0 P 0
L 0.1847244 2.2483465 0.2247244 2.2483465 0 P 0
L 0.1847244 2.5554331 0.2047244 2.5154331 0 P 0
L 0.1847244 2.5554331 0.2247244 2.5554331 0 P 0
L 0.1847244 2.6420472 0.2047244 2.6020472 0 P 0
L 0.1847244 2.6420472 0.2247244 2.6420472 0 P 0
L 0.1847244 2.9215748 0.2047244 2.8815748 0 P 0
L 0.1847244 2.9215748 0.2247244 2.9215748 0 P 0
L 0.1847244 3.7404724 0.2047244 3.7004724 0 P 0
L 0.1847244 3.7404724 0.2247244 3.7404724 0 P 0
L 0.1929134 2.3083981 0.2129134 2.3483981 0 P 0
L 0.1929134 3.2752756 0.2129134 3.3152756 0 P 0
L 0.1965354 0.5633071 0.2165354 0.5233071 0 P 0
L 0.1965354 0.5633071 0.2365354 0.5633071 0 P 0
L 0.1965354 0.6105512 0.2165354 0.5705512 0 P 0
L 0.1965354 0.6105512 0.2365354 0.6105512 0 P 0
L 0.1965354 0.6577953 0.2165354 0.6177953 0 P 0
L 0.1965354 0.6577953 0.2365354 0.6577953 0 P 0
L 0.1965354 0.7050394 0.2165354 0.6650394 0 P 0
L 0.1965354 0.7050394 0.2365354 0.7050394 0 P 0
L 0.1965354 3.9570079 0.2165354 3.9170079 0 P 0
L 0.1965354 3.9570079 0.2365354 3.9570079 0 P 0
L 0.2007874 1.7792126 0.2207874 1.8192126 0 P 0
L 0.2007874 1.8264567 0.2207874 1.8664567 0 P 0
L 0.2007874 1.8737008 0.2207874 1.9137008 0 P 0
L 0.2007874 1.9209449 0.2207874 1.9609449 0 P 0
L 0.2007874 3.1886614 0.2207874 3.2286614 0 P 0
L 0.2044094 1.4845669 0.2244094 1.4445669 0 P 0
L 0.2044094 1.4845669 0.2444094 1.4845669 0 P 0
L 0.2044094 3.2680315 0.2244094 3.2280315 0 P 0
L 0.2044094 3.2680315 0.2444094 3.2680315 0 P 0
L 0.2047244 2.2083465 0.2247244 2.2483465 0 P 0
L 0.2047244 2.5154331 0.2247244 2.5554331 0 P 0
L 0.2047244 2.6020472 0.2247244 2.6420472 0 P 0
L 0.2047244 2.8815748 0.2247244 2.9215748 0 P 0
L 0.2047244 3.7004724 0.2247244 3.7404724 0 P 0
L 0.2122835 0.02 0.2322835 -0.02 0 P 0
L 0.2122835 0.02 0.2522835 0.02 0 P 0
L 0.2122835 0.0593701 0.2322835 0.0193701 0 P 0
L 0.2122835 0.0593701 0.2522835 0.0593701 0 P 0
L 0.2155207 2.8741749 0.2355207 2.8341749 0 P 0
L 0.2155207 2.8741749 0.2555207 2.8741749 0 P 0
L 0.2162205 2.3428346 0.2362205 2.3028346 0 P 0
L 0.2162205 2.3428346 0.2562205 2.3428346 0 P 0
L 0.2165354 0.5233071 0.2365354 0.5633071 0 P 0
L 0.2165354 0.5705512 0.2365354 0.6105512 0 P 0
L 0.2165354 0.6177953 0.2365354 0.6577953 0 P 0
L 0.2165354 0.6650394 0.2365354 0.7050394 0 P 0
L 0.2165354 3.9170079 0.2365354 3.9570079 0 P 0
L 0.2240945 2.4373228 0.2440945 2.3973228 0 P 0
L 0.2240945 2.4373228 0.2640945 2.4373228 0 P 0
L 0.2240945 2.5554331 0.2440945 2.5154331 0 P 0
L 0.2240945 2.5554331 0.2640945 2.5554331 0 P 0
L 0.2240945 3.1617323 0.2440945 3.1217323 0 P 0
L 0.2240945 3.1617323 0.2640945 3.1617323 0 P 0
L 0.2240945 3.2050394 0.2440945 3.1650394 0 P 0
L 0.2240945 3.2050394 0.2640945 3.2050394 0 P 0
L 0.2240945 3.6066142 0.2440945 3.5666142 0 P 0
L 0.2240945 3.6066142 0.2640945 3.6066142 0 P 0
L 0.2244094 1.4445669 0.2444094 1.4845669 0 P 0
L 0.2244094 3.2280315 0.2444094 3.2680315 0 P 0
L 0.2280315 1.8192126 0.2480315 1.7792126 0 P 0
L 0.2280315 1.8192126 0.2680315 1.8192126 0 P 0
L 0.2280315 1.8664567 0.2480315 1.8264567 0 P 0
L 0.2280315 1.8664567 0.2680315 1.8664567 0 P 0
L 0.2280315 1.9137008 0.2480315 1.8737008 0 P 0
L 0.2280315 1.9137008 0.2680315 1.9137008 0 P 0
L 0.2280315 1.9609449 0.2480315 1.9209449 0 P 0
L 0.2280315 1.9609449 0.2680315 1.9609449 0 P 0
L 0.2280315 2.1262992 0.2480315 2.0862992 0 P 0
L 0.2280315 2.1262992 0.2680315 2.1262992 0 P 0
L 0.2280315 2.1735433 0.2480315 2.1335433 0 P 0
L 0.2280315 2.1735433 0.2680315 2.1735433 0 P 0
L 0.2319685 0.3074016 0.2519685 0.2674016 0 P 0
L 0.2319685 0.3074016 0.2719685 0.3074016 0 P 0
L 0.2322835 -0.02 0.2522835 0.02 0 P 0
L 0.2322835 0.0193701 0.2522835 0.0593701 0 P 0
L 0.233937 2.9530709 0.253937 2.9130709 0 P 0
L 0.233937 2.9530709 0.273937 2.9530709 0 P 0
L 0.2355207 2.8341749 0.2555207 2.8741749 0 P 0
L 0.2359055 2.6026772 0.2559055 2.5626772 0 P 0
L 0.2359055 2.6026772 0.2759055 2.6026772 0 P 0
L 0.2362205 2.3028346 0.2562205 2.3428346 0 P 0
L 0.2398425 0.523937 0.2598425 0.483937 0 P 0
L 0.2398425 0.523937 0.2798425 0.523937 0 P 0
L 0.2398425 3.9570079 0.2598425 3.9170079 0 P 0
L 0.2398425 3.9570079 0.2798425 3.9570079 0 P 0
L 0.2437795 0.5633071 0.2637795 0.5233071 0 P 0
L 0.2437795 0.5633071 0.2837795 0.5633071 0 P 0
L 0.2437795 0.6105512 0.2637795 0.5705512 0 P 0
L 0.2437795 0.6105512 0.2837795 0.6105512 0 P 0
L 0.2437795 0.6577953 0.2637795 0.6177953 0 P 0
L 0.2437795 0.6577953 0.2837795 0.6577953 0 P 0
L 0.2437795 0.7050394 0.2637795 0.6650394 0 P 0
L 0.2437795 0.7050394 0.2837795 0.7050394 0 P 0
L 0.2437795 2.4845669 0.2637795 2.4445669 0 P 0
L 0.2437795 2.4845669 0.2837795 2.4845669 0 P 0
L 0.2437795 3.0711811 0.2637795 3.0311811 0 P 0
L 0.2437795 3.0711811 0.2837795 3.0711811 0 P 0
L 0.2440945 2.3973228 0.2640945 2.4373228 0 P 0
L 0.2440945 2.5154331 0.2640945 2.5554331 0 P 0
L 0.2440945 3.1217323 0.2640945 3.1617323 0 P 0
L 0.2440945 3.1650394 0.2640945 3.2050394 0 P 0
L 0.2440945 3.5666142 0.2640945 3.6066142 0 P 0
L 0.2480315 1.7792126 0.2680315 1.8192126 0 P 0
L 0.2480315 1.8264567 0.2680315 1.8664567 0 P 0
L 0.2480315 1.8737008 0.2680315 1.9137008 0 P 0
L 0.2480315 1.9209449 0.2680315 1.9609449 0 P 0
L 0.2480315 2.0862992 0.2680315 2.1262992 0 P 0
L 0.2480315 2.1335433 0.2680315 2.1735433 0 P 0
L 0.2516535 0.3743307 0.2716535 0.3343307 0 P 0
L 0.2516535 0.3743307 0.2916535 0.3743307 0 P 0
L 0.2516535 0.4137008 0.2716535 0.3737008 0 P 0
L 0.2516535 0.4137008 0.2916535 0.4137008 0 P 0
L 0.2519685 0.2674016 0.2719685 0.3074016 0 P 0
L 0.253937 2.9130709 0.273937 2.9530709 0 P 0
L 0.2555906 1.496378 0.2755906 1.456378 0 P 0
L 0.2555906 1.496378 0.2955906 1.496378 0 P 0
L 0.2559055 2.5626772 0.2759055 2.6026772 0 P 0
L 0.2595276 2.3428346 0.2795276 2.3028346 0 P 0
L 0.2595276 2.3428346 0.2995276 2.3428346 0 P 0
L 0.2595276 2.9885039 0.2795276 2.9485039 0 P 0
L 0.2595276 2.9885039 0.2995276 2.9885039 0 P 0
L 0.2595276 3.4806299 0.2795276 3.4406299 0 P 0
L 0.2595276 3.4806299 0.2995276 3.4806299 0 P 0
L 0.2598425 0.483937 0.2798425 0.523937 0 P 0
L 0.2598425 3.9170079 0.2798425 3.9570079 0 P 0
L 0.2634646 0.3349606 0.2834646 0.2949606 0 P 0
L 0.2634646 0.3349606 0.3034646 0.3349606 0 P 0
L 0.2634646 2.5593701 0.2834646 2.5193701 0 P 0
L 0.2634646 2.5593701 0.3034646 2.5593701 0 P 0
L 0.2637795 0.5233071 0.2837795 0.5633071 0 P 0
L 0.2637795 0.5705512 0.2837795 0.6105512 0 P 0
L 0.2637795 0.6177953 0.2837795 0.6577953 0 P 0
L 0.2637795 0.6650394 0.2837795 0.7050394 0 P 0
L 0.2637795 2.4445669 0.2837795 2.4845669 0 P 0
L 0.2637795 3.0311811 0.2837795 3.0711811 0 P 0
L 0.2674016 0.500315 0.2874016 0.460315 0 P 0
L 0.2674016 0.500315 0.3074016 0.500315 0 P 0
L 0.2708662 -0.019827 0.2875275 -0.0031658 0 P 0
L 0.2708662 -0.0531496 0.2708662 -0.019827 0 P 0
L 0.2708662 0.0964567 0.2708662 0.1297793 0 P 0
L 0.2708662 0.1297793 0.2875275 0.1464405 0 P 0
L 0.2716535 0.3343307 0.2916535 0.3743307 0 P 0
L 0.2716535 0.3737008 0.2916535 0.4137008 0 P 0
L 0.2752756 1.8192126 0.2952756 1.7792126 0 P 0
L 0.2752756 1.8192126 0.3152756 1.8192126 0 P 0
L 0.2752756 1.8664567 0.2952756 1.8264567 0 P 0
L 0.2752756 1.8664567 0.3152756 1.8664567 0 P 0
L 0.2752756 1.9137008 0.2952756 1.8737008 0 P 0
L 0.2752756 1.9137008 0.3152756 1.9137008 0 P 0
L 0.2752756 1.9609449 0.2952756 1.9209449 0 P 0
L 0.2752756 1.9609449 0.3152756 1.9609449 0 P 0
L 0.2755906 1.456378 0.2955906 1.496378 0 P 0
L 0.2792126 0.0554331 0.2992126 0.0154331 0 P 0
L 0.2792126 0.0554331 0.3192126 0.0554331 0 P 0
L 0.2792126 2.8152756 0.2992126 2.7752756 0 P 0
L 0.2792126 2.8152756 0.3192126 2.8152756 0 P 0
L 0.2792126 3.5948031 0.2992126 3.5548031 0 P 0
L 0.2792126 3.5948031 0.3192126 3.5948031 0 P 0
L 0.2792126 3.9570079 0.2992126 3.9170079 0 P 0
L 0.2792126 3.9570079 0.3192126 3.9570079 0 P 0
L 0.2795276 2.3028346 0.2995276 2.3428346 0 P 0
L 0.2795276 2.9485039 0.2995276 2.9885039 0 P 0
L 0.2795276 3.4406299 0.2995276 3.4806299 0 P 0
L 0.2831496 2.4845669 0.3031496 2.4445669 0 P 0
L 0.2831496 2.4845669 0.3231496 2.4845669 0 P 0
L 0.2831496 2.8703937 0.3031496 2.8303937 0 P 0
L 0.2831496 2.8703937 0.3231496 2.8703937 0 P 0
L 0.2831496 3.2995276 0.3031496 3.2595276 0 P 0
L 0.2831496 3.2995276 0.3231496 3.2995276 0 P 0
L 0.2834646 0.2949606 0.3034646 0.3349606 0 P 0
L 0.2834646 2.5193701 0.3034646 2.5593701 0 P 0
L 0.2870866 0.1853543 0.3070866 0.1453543 0 P 0
L 0.2870866 0.1853543 0.3270866 0.1853543 0 P 0
L 0.2870866 0.3664567 0.3070866 0.3264567 0 P 0
L 0.2870866 0.3664567 0.3270866 0.3664567 0 P 0
L 0.2870866 0.4255118 0.3070866 0.3855118 0 P 0
L 0.2870866 0.4255118 0.3270866 0.4255118 0 P 0
L 0.2870866 1.6381102 0.3070866 1.5981102 0 P 0
L 0.2870866 1.6381102 0.3270866 1.6381102 0 P 0
L 0.2874016 0.460315 0.3074016 0.500315 0 P 0
L 0.2875275 -0.0031658 0.3041888 -0.019827 0 P 0
L 0.2875275 0.1464405 0.3041888 0.1297793 0 P 0
L 0.2910236 0.5633071 0.3110236 0.5233071 0 P 0
L 0.2910236 0.5633071 0.3310236 0.5633071 0 P 0
L 0.2910236 0.6105512 0.3110236 0.5705512 0 P 0
L 0.2910236 0.6105512 0.3310236 0.6105512 0 P 0
L 0.2910236 0.6577953 0.3110236 0.6177953 0 P 0
L 0.2910236 0.6577953 0.3310236 0.6577953 0 P 0
L 0.2910236 2.9648819 0.3110236 2.9248819 0 P 0
L 0.2910236 2.9648819 0.3310236 2.9648819 0 P 0
L 0.2910236 3.3388976 0.3110236 3.2988976 0 P 0
L 0.2910236 3.3388976 0.3310236 3.3388976 0 P 0
L 0.2910236 3.8388976 0.3110236 3.7988976 0 P 0
L 0.2910236 3.8388976 0.3310236 3.8388976 0 P 0
L 0.2920827 3.1672611 0.3120827 3.1272611 0 P 0
L 0.2920827 3.1672611 0.3320827 3.1672611 0 P 0
L 0.2949606 0.523937 0.3149606 0.483937 0 P 0
L 0.2949606 0.523937 0.3349606 0.523937 0 P 0
L 0.2949606 3.7011024 0.3149606 3.6611024 0 P 0
L 0.2949606 3.7011024 0.3349606 3.7011024 0 P 0
L 0.2952756 1.7792126 0.3152756 1.8192126 0 P 0
L 0.2952756 1.8264567 0.3152756 1.8664567 0 P 0
L 0.2952756 1.8737008 0.3152756 1.9137008 0 P 0
L 0.2952756 1.9209449 0.3152756 1.9609449 0 P 0
L 0.2992126 0.0154331 0.3192126 0.0554331 0 P 0
L 0.2992126 2.7752756 0.3192126 2.8152756 0 P 0
L 0.2992126 3.5548031 0.3192126 3.5948031 0 P 0
L 0.2992126 3.9170079 0.3192126 3.9570079 0 P 0
L 0.299685 3.4066142 0.319685 3.3666142 0 P 0
L 0.299685 3.4066142 0.339685 3.4066142 0 P 0
L 0.3028346 -0.01937 0.3228346 -0.05937 0 P 0
L 0.3028346 -0.01937 0.3428346 -0.01937 0 P 0
L 0.3028346 -0.0666141 0.3228346 -0.1066141 0 P 0
L 0.3028346 -0.0666141 0.3428346 -0.0666141 0 P 0
L 0.3028346 1.512126 0.3228346 1.472126 0 P 0
L 0.3028346 1.512126 0.3428346 1.512126 0 P 0
L 0.3028346 2.5554331 0.3228346 2.5154331 0 P 0
L 0.3028346 2.5554331 0.3428346 2.5554331 0 P 0
L 0.3031496 2.4445669 0.3231496 2.4845669 0 P 0
L 0.3031496 2.8303937 0.3231496 2.8703937 0 P 0
L 0.3031496 3.2595276 0.3231496 3.2995276 0 P 0
L 0.3041888 -0.019827 0.3041888 -0.0531496 0 P 0
L 0.3041888 -0.0281577 0.2708662 -0.0281577 0 P 0
L 0.3041888 -0.0531496 0.3041888 -0.0281577 0 P 0
L 0.3041888 0.0964567 0.3041888 0.1214486 0 P 0
L 0.3041888 0.1214486 0.2708662 0.1214486 0 P 0
L 0.3041888 0.1297793 0.3041888 0.0964567 0 P 0
L 0.3067717 0.1538583 0.3267717 0.1138583 0 P 0
L 0.3067717 0.1538583 0.3467717 0.1538583 0 P 0
L 0.3067717 0.3349606 0.3267717 0.2949606 0 P 0
L 0.3067717 0.3349606 0.3467717 0.3349606 0 P 0
L 0.3067717 3.2719685 0.3267717 3.2319685 0 P 0
L 0.3067717 3.2719685 0.3467717 3.2719685 0 P 0
L 0.3070866 0.1453543 0.3270866 0.1853543 0 P 0
L 0.3070866 0.3264567 0.3270866 0.3664567 0 P 0
L 0.3070866 0.3855118 0.3270866 0.4255118 0 P 0
L 0.3070866 1.5981102 0.3270866 1.6381102 0 P 0
L 0.3107087 0.039685 0.3307087 -0.000315 0 P 0
L 0.3107087 0.039685 0.3507087 0.039685 0 P 0
L 0.3107087 0.0790551 0.3307087 0.0390551 0 P 0
L 0.3107087 0.0790551 0.3507087 0.0790551 0 P 0
L 0.3107087 0.3940157 0.3307087 0.3540157 0 P 0
L 0.3107087 0.3940157 0.3507087 0.3940157 0 P 0
L 0.3107087 2.7286614 0.3307087 2.6886614 0 P 0
L 0.3107087 2.7286614 0.3507087 2.7286614 0 P 0
L 0.3107087 2.7798425 0.3307087 2.7398425 0 P 0
L 0.3107087 2.7798425 0.3507087 2.7798425 0 P 0
L 0.3107087 3.6262992 0.3307087 3.5862992 0 P 0
L 0.3107087 3.6262992 0.3507087 3.6262992 0 P 0
L 0.3110236 0.5233071 0.3310236 0.5633071 0 P 0
L 0.3110236 0.5705512 0.3310236 0.6105512 0 P 0
L 0.3110236 0.6177953 0.3310236 0.6577953 0 P 0
L 0.3110236 2.9248819 0.3310236 2.9648819 0 P 0
L 0.3110236 3.2988976 0.3310236 3.3388976 0 P 0
L 0.3110236 3.7988976 0.3310236 3.8388976 0 P 0
L 0.3120827 3.1272611 0.3320827 3.1672611 0 P 0
L 0.3146457 0.9255118 0.3346457 0.8855118 0 P 0
L 0.3146457 0.9255118 0.3546457 0.9255118 0 P 0
L 0.3146457 3.9373228 0.3346457 3.8973228 0 P 0
L 0.3146457 3.9373228 0.3546457 3.9373228 0 P 0
L 0.3149606 0.483937 0.3349606 0.523937 0 P 0
L 0.3149606 3.6611024 0.3349606 3.7011024 0 P 0
L 0.319685 3.3666142 0.339685 3.4066142 0 P 0
L 0.3225197 2.4845669 0.3425197 2.4445669 0 P 0
L 0.3225197 2.4845669 0.3625197 2.4845669 0 P 0
L 0.3225197 3.0711811 0.3425197 3.0311811 0 P 0
L 0.3225197 3.0711811 0.3625197 3.0711811 0 P 0
L 0.3225197 3.8388976 0.3425197 3.7988976 0 P 0
L 0.3225197 3.8388976 0.3625197 3.8388976 0 P 0
L 0.3228346 -0.05937 0.3428346 -0.01937 0 P 0
L 0.3228346 -0.1066141 0.3428346 -0.0666141 0 P 0
L 0.3228346 1.472126 0.3428346 1.512126 0 P 0
L 0.3228346 2.5154331 0.3428346 2.5554331 0 P 0
L 0.3264567 3.3310236 0.3464567 3.2910236 0 P 0
L 0.3264567 3.3310236 0.3664567 3.3310236 0 P 0
L 0.3264567 3.7011024 0.3464567 3.6611024 0 P 0
L 0.3264567 3.7011024 0.3664567 3.7011024 0 P 0
L 0.3267717 0.1138583 0.3467717 0.1538583 0 P 0
L 0.3267717 0.2949606 0.3467717 0.3349606 0 P 0
L 0.3267717 3.2319685 0.3467717 3.2719685 0 P 0
L 0.3303937 1.6617323 0.3503937 1.6217323 0 P 0
L 0.3303937 1.6617323 0.3703937 1.6617323 0 P 0
L 0.3303937 3.1853543 0.3503937 3.1453543 0 P 0
L 0.3303937 3.1853543 0.3703937 3.1853543 0 P 0
L 0.3307087 -0.000315 0.3507087 0.039685 0 P 0
L 0.3307087 0.0390551 0.3507087 0.0790551 0 P 0
L 0.3307087 0.3540157 0.3507087 0.3940157 0 P 0
L 0.3307087 2.6886614 0.3507087 2.7286614 0 P 0
L 0.3307087 2.7398425 0.3507087 2.7798425 0 P 0
L 0.3307087 3.5862992 0.3507087 3.6262992 0 P 0
L 0.3343307 0.4255118 0.3543307 0.3855118 0 P 0
L 0.3343307 0.4255118 0.3743307 0.4255118 0 P 0
L 0.3343307 3.2955906 0.3543307 3.2555906 0 P 0
L 0.3343307 3.2955906 0.3743307 3.2955906 0 P 0
L 0.3346457 0.8855118 0.3546457 0.9255118 0 P 0
L 0.3346457 3.8973228 0.3546457 3.9373228 0 P 0
L 0.3382677 0.5633071 0.3582677 0.5233071 0 P 0
L 0.3382677 0.5633071 0.3782677 0.5633071 0 P 0
L 0.3382677 0.6105512 0.3582677 0.5705512 0 P 0
L 0.3382677 0.6105512 0.3782677 0.6105512 0 P 0
L 0.3382677 3.9373228 0.3582677 3.8973228 0 P 0
L 0.3382677 3.9373228 0.3782677 3.9373228 0 P 0
L 0.3422047 2.1735433 0.3622047 2.1335433 0 P 0
L 0.3422047 2.1735433 0.3822047 2.1735433 0 P 0
L 0.3422047 2.2247244 0.3622047 2.1847244 0 P 0
L 0.3422047 2.2247244 0.3822047 2.2247244 0 P 0
L 0.3422047 2.5554331 0.3622047 2.5154331 0 P 0
L 0.3422047 2.5554331 0.3822047 2.5554331 0 P 0
L 0.3425197 2.4445669 0.3625197 2.4845669 0 P 0
L 0.3425197 3.0311811 0.3625197 3.0711811 0 P 0
L 0.3425197 3.7988976 0.3625197 3.8388976 0 P 0
L 0.3455512 3.4609449 0.3655512 3.4209449 0 P 0
L 0.3455512 3.4609449 0.3855512 3.4609449 0 P 0
L 0.3461417 0.3349606 0.3661417 0.2949606 0 P 0
L 0.3461417 0.3349606 0.3861417 0.3349606 0 P 0
L 0.3461417 3.4924409 0.3661417 3.4524409 0 P 0
L 0.3461417 3.4924409 0.3861417 3.4924409 0 P 0
L 0.3464567 3.2910236 0.3664567 3.3310236 0 P 0
L 0.3464567 3.6611024 0.3664567 3.7011024 0 P 0
L 0.3500787 -0.01937 0.3700787 -0.05937 0 P 0
L 0.3500787 -0.01937 0.3900787 -0.01937 0 P 0
L 0.3500787 -0.0666141 0.3700787 -0.1066141 0 P 0
L 0.3500787 -0.0666141 0.3900787 -0.0666141 0 P 0
L 0.3503937 1.6217323 0.3703937 1.6617323 0 P 0
L 0.3503937 3.1453543 0.3703937 3.1853543 0 P 0
L 0.3540157 1.516063 0.3740157 1.476063 0 P 0
L 0.3540157 1.516063 0.3940157 1.516063 0 P 0
L 0.3543307 0.3855118 0.3743307 0.4255118 0 P 0
L 0.3543307 3.2555906 0.3743307 3.2955906 0 P 0
L 0.3579528 1.5948031 0.3779528 1.5548031 0 P 0
L 0.3579528 1.5948031 0.3979528 1.5948031 0 P 0
L 0.3582677 0.5233071 0.3782677 0.5633071 0 P 0
L 0.3582677 0.5705512 0.3782677 0.6105512 0 P 0
L 0.3582677 3.8973228 0.3782677 3.9373228 0 P 0
L 0.3618898 2.4845669 0.3818898 2.4445669 0 P 0
L 0.3618898 2.4845669 0.4018898 2.4845669 0 P 0
L 0.3618898 3.9491339 0.3818898 3.9091339 0 P 0
L 0.3618898 3.9491339 0.4018898 3.9491339 0 P 0
L 0.3622047 2.1335433 0.3822047 2.1735433 0 P 0
L 0.3622047 2.1847244 0.3822047 2.2247244 0 P 0
L 0.3622047 2.5154331 0.3822047 2.5554331 0 P 0
L 0.3655512 3.4209449 0.3855512 3.4609449 0 P 0
L 0.3658268 3.8388976 0.3858268 3.7988976 0 P 0
L 0.3658268 3.8388976 0.4058268 3.8388976 0 P 0
L 0.3661417 0.2949606 0.3861417 0.3349606 0 P 0
L 0.3661417 3.4524409 0.3861417 3.4924409 0 P 0
L 0.3697638 0.4255118 0.3897638 0.3855118 0 P 0
L 0.3697638 0.4255118 0.4097638 0.4255118 0 P 0
L 0.3697638 3.3231496 0.3897638 3.2831496 0 P 0
L 0.3697638 3.3231496 0.4097638 3.3231496 0 P 0
L 0.3700787 -0.05937 0.3900787 -0.01937 0 P 0
L 0.3700787 -0.1066141 0.3900787 -0.0666141 0 P 0
L 0.3737008 3.2247244 0.3937008 3.1847244 0 P 0
L 0.3737008 3.2247244 0.4137008 3.2247244 0 P 0
L 0.3740157 1.476063 0.3940157 1.516063 0 P 0
L 0.3776378 3.6973573 0.3976378 3.6573573 0 P 0
L 0.3776378 3.6973573 0.4176378 3.6973573 0 P 0
L 0.3776378 3.9097638 0.3976378 3.8697638 0 P 0
L 0.3776378 3.9097638 0.4176378 3.9097638 0 P 0
L 0.3779528 1.5548031 0.3979528 1.5948031 0 P 0
L 0.3815748 0.2050394 0.4015748 0.1650394 0 P 0
L 0.3815748 0.2050394 0.4215748 0.2050394 0 P 0
L 0.3815748 2.5554331 0.4015748 2.5154331 0 P 0
L 0.3815748 2.5554331 0.4215748 2.5554331 0 P 0
L 0.3818898 2.4445669 0.4018898 2.4845669 0 P 0
L 0.3818898 3.9091339 0.4018898 3.9491339 0 P 0
L 0.3855119 0.3388976 0.4055119 0.2988976 0 P 0
L 0.3855119 0.3388976 0.4255119 0.3388976 0 P 0
L 0.3855119 0.3940157 0.4055119 0.3540157 0 P 0
L 0.3855119 0.3940157 0.4255119 0.3940157 0 P 0
L 0.3858268 3.7988976 0.4058268 3.8388976 0 P 0
L 0.3894488 0.7483465 0.4094488 0.7083465 0 P 0
L 0.3894488 0.7483465 0.4294488 0.7483465 0 P 0
L 0.3894488 2.016063 0.4094488 1.976063 0 P 0
L 0.3894488 2.016063 0.4294488 2.016063 0 P 0
L 0.3894488 3.9333858 0.4094488 3.8933858 0 P 0
L 0.3894488 3.9333858 0.4294488 3.9333858 0 P 0
L 0.3897638 0.3855118 0.4097638 0.4255118 0 P 0
L 0.3897638 3.2831496 0.4097638 3.3231496 0 P 0
L 0.3933858 2.1735433 0.4133858 2.1335433 0 P 0
L 0.3933858 2.1735433 0.4333858 2.1735433 0 P 0
L 0.3933858 2.2247244 0.4133858 2.1847244 0 P 0
L 0.3933858 2.2247244 0.4333858 2.2247244 0 P 0
L 0.3933858 2.8973949 0.4133858 2.8573949 0 P 0
L 0.3933858 2.8973949 0.4333858 2.8973949 0 P 0
L 0.3937008 3.1847244 0.4137008 3.2247244 0 P 0
L 0.3973228 -0.01937 0.4173228 -0.05937 0 P 0
L 0.3973228 -0.01937 0.4373228 -0.01937 0 P 0
L 0.3973228 -0.0666141 0.4173228 -0.1066141 0 P 0
L 0.3973228 -0.0666141 0.4373228 -0.0666141 0 P 0
L 0.3973228 0.0278741 0.4173228 -0.0121259 0 P 0
L 0.3973228 0.0278741 0.4373228 0.0278741 0 P 0
L 0.3973228 0.0711811 0.4173228 0.0311811 0 P 0
L 0.3973228 0.0711811 0.4373228 0.0711811 0 P 0
L 0.3976378 3.6573573 0.4176378 3.6973573 0 P 0
L 0.3976378 3.8697638 0.4176378 3.9097638 0 P 0
L 0.4015748 0.1650394 0.4215748 0.2050394 0 P 0
L 0.4015748 2.5154331 0.4215748 2.5554331 0 P 0
L 0.4055119 0.2988976 0.4255119 0.3388976 0 P 0
L 0.4055119 0.3540157 0.4255119 0.3940157 0 P 0
L 0.4094488 0.7083465 0.4294488 0.7483465 0 P 0
L 0.4094488 1.976063 0.4294488 2.016063 0 P 0
L 0.4094488 3.8933858 0.4294488 3.9333858 0 P 0
L 0.4111024 2.9491339 0.4311024 2.9091339 0 P 0
L 0.4111024 2.9491339 0.4511024 2.9491339 0 P 0
L 0.4130709 0.3664567 0.4330709 0.3264567 0 P 0
L 0.4130709 0.3664567 0.4530709 0.3664567 0 P 0
L 0.4133858 2.1335433 0.4333858 2.1735433 0 P 0
L 0.4133858 2.1847244 0.4333858 2.2247244 0 P 0
L 0.4133858 2.8573949 0.4333858 2.8973949 0 P 0
L 0.4170079 3.2089764 0.4370079 3.1689764 0 P 0
L 0.4170079 3.2089764 0.4570079 3.2089764 0 P 0
L 0.4173228 -0.0121259 0.4373228 0.0278741 0 P 0
L 0.4173228 -0.05937 0.4373228 -0.01937 0 P 0
L 0.4173228 -0.1066141 0.4373228 -0.0666141 0 P 0
L 0.4173228 0.0311811 0.4373228 0.0711811 0 P 0
L 0.4209449 2.5790551 0.4409449 2.5390551 0 P 0
L 0.4209449 2.5790551 0.4609449 2.5790551 0 P 0
L 0.4248819 0.4058268 0.4448819 0.3658268 0 P 0
L 0.4248819 0.4058268 0.4648819 0.4058268 0 P 0
L 0.4288189 3.8782677 0.4488189 3.8382677 0 P 0
L 0.4288189 3.8782677 0.4688189 3.8782677 0 P 0
L 0.4311024 2.9091339 0.4511024 2.9491339 0 P 0
L 0.4327559 2.8980629 0.4527559 2.8580629 0 P 0
L 0.4327559 2.8980629 0.4727559 2.8980629 0 P 0
L 0.4329527 3.6774819 0.4529527 3.6374819 0 P 0
L 0.4329527 3.6774819 0.4729527 3.6774819 0 P 0
L 0.4330709 0.3264567 0.4530709 0.3664567 0 P 0
L 0.4370079 3.1689764 0.4570079 3.2089764 0 P 0
L 0.4406299 2.4806299 0.4606299 2.4406299 0 P 0
L 0.4406299 2.4806299 0.4806299 2.4806299 0 P 0
L 0.4409449 2.5390551 0.4609449 2.5790551 0 P 0
L 0.4445669 -0.01937 0.4645669 -0.05937 0 P 0
L 0.4445669 -0.01937 0.4845669 -0.01937 0 P 0
L 0.4445669 -0.0666141 0.4645669 -0.1066141 0 P 0
L 0.4445669 -0.0666141 0.4845669 -0.0666141 0 P 0
L 0.4445669 0.0278741 0.4645669 -0.0121259 0 P 0
L 0.4445669 0.0278741 0.4845669 0.0278741 0 P 0
L 0.4445669 0.0711811 0.4645669 0.0311811 0 P 0
L 0.4445669 0.0711811 0.4845669 0.0711811 0 P 0
L 0.4448819 0.3658268 0.4648819 0.4058268 0 P 0
L 0.4481671 2.1241765 0.4681671 2.0841765 0 P 0
L 0.4481671 2.1241765 0.4881671 2.1241765 0 P 0
L 0.4488189 3.8382677 0.4688189 3.8782677 0 P 0
L 0.4504724 2.9511024 0.4704724 2.9111024 0 P 0
L 0.4504724 2.9511024 0.4904724 2.9511024 0 P 0
L 0.4524409 0.3703937 0.4724409 0.3303937 0 P 0
L 0.4524409 0.3703937 0.4924409 0.3703937 0 P 0
L 0.4527559 2.8580629 0.4727559 2.8980629 0 P 0
L 0.4529527 3.6374819 0.4729527 3.6774819 0 P 0
L 0.460315 0.2050394 0.480315 0.1650394 0 P 0
L 0.460315 0.2050394 0.500315 0.2050394 0 P 0
L 0.460315 2.5672441 0.480315 2.5272441 0 P 0
L 0.460315 2.5672441 0.500315 2.5672441 0 P 0
L 0.460315 3.2247244 0.480315 3.1847244 0 P 0
L 0.460315 3.2247244 0.500315 3.2247244 0 P 0
L 0.4606299 2.4406299 0.4806299 2.4806299 0 P 0
L 0.464252 1.3074016 0.484252 1.2674016 0 P 0
L 0.464252 1.3074016 0.504252 1.3074016 0 P 0
L 0.4645669 -0.0121259 0.4845669 0.0278741 0 P 0
L 0.4645669 -0.05937 0.4845669 -0.01937 0 P 0
L 0.4645669 -0.1066141 0.4845669 -0.0666141 0 P 0
L 0.4645669 0.0311811 0.4845669 0.0711811 0 P 0
L 0.4681671 2.0841765 0.4881671 2.1241765 0 P 0
L 0.468189 0.9373228 0.488189 0.8973228 0 P 0
L 0.468189 0.9373228 0.508189 0.9373228 0 P 0
L 0.4695599 2.8967245 0.4895599 2.8567245 0 P 0
L 0.4695599 2.8967245 0.5095599 2.8967245 0 P 0
L 0.4696583 0.6853543 0.4896583 0.6453543 0 P 0
L 0.4696583 0.6853543 0.5096583 0.6853543 0 P 0
L 0.4701574 0.234567 0.4901574 0.194567 0 P 0
L 0.4701574 0.234567 0.5101574 0.234567 0 P 0
L 0.4701574 0.3290552 0.4901574 0.2890552 0 P 0
L 0.4701574 0.3290552 0.5101574 0.3290552 0 P 0
L 0.4704724 2.9111024 0.4904724 2.9511024 0 P 0
L 0.4711417 1.7958407 0.4911417 1.7558407 0 P 0
L 0.4711417 1.7958407 0.5111417 1.7958407 0 P 0
L 0.472126 3.0751181 0.492126 3.0351181 0 P 0
L 0.472126 3.0751181 0.512126 3.0751181 0 P 0
L 0.4724409 0.3303937 0.4924409 0.3703937 0 P 0
L 0.476063 0.6420472 0.496063 0.6020472 0 P 0
L 0.476063 0.6420472 0.516063 0.6420472 0 P 0
L 0.476063 3.3900787 0.496063 3.3500787 0 P 0
L 0.476063 3.3900787 0.516063 3.3900787 0 P 0
L 0.476063 3.8979528 0.496063 3.8579528 0 P 0
L 0.476063 3.8979528 0.516063 3.8979528 0 P 0
L 0.476063 3.9333858 0.496063 3.8933858 0 P 0
L 0.476063 3.9333858 0.516063 3.9333858 0 P 0
L 0.48 3.1538583 0.5 3.1138583 0 P 0
L 0.48 3.1538583 0.52 3.1538583 0 P 0
L 0.480315 0.1650394 0.500315 0.2050394 0 P 0
L 0.480315 2.5272441 0.500315 2.5672441 0 P 0
L 0.480315 3.1847244 0.500315 3.2247244 0 P 0
L 0.483937 3.1892913 0.503937 3.1492913 0 P 0
L 0.483937 3.1892913 0.523937 3.1892913 0 P 0
L 0.484252 1.2674016 0.504252 1.3074016 0 P 0
L 0.487874 0.4137008 0.507874 0.3737008 0 P 0
L 0.487874 0.4137008 0.527874 0.4137008 0 P 0
L 0.487874 2.6144882 0.507874 2.5744882 0 P 0
L 0.487874 2.6144882 0.527874 2.6144882 0 P 0
L 0.487874 3.7011024 0.507874 3.6611024 0 P 0
L 0.487874 3.7011024 0.527874 3.7011024 0 P 0
L 0.488189 0.8973228 0.508189 0.9373228 0 P 0
L 0.4895599 2.8567245 0.5095599 2.8967245 0 P 0
L 0.4896583 0.6453543 0.5096583 0.6853543 0 P 0
L 0.4901574 0.194567 0.5101574 0.234567 0 P 0
L 0.4901574 0.2890552 0.5101574 0.3290552 0 P 0
L 0.4911417 1.7558407 0.5111417 1.7958407 0 P 0
L 0.491811 -0.01937 0.511811 -0.05937 0 P 0
L 0.491811 -0.01937 0.531811 -0.01937 0 P 0
L 0.491811 -0.0666141 0.511811 -0.1066141 0 P 0
L 0.491811 -0.0666141 0.531811 -0.0666141 0 P 0
L 0.492126 3.0351181 0.512126 3.0751181 0 P 0
L 0.495748 3.8388976 0.515748 3.7988976 0 P 0
L 0.495748 3.8388976 0.535748 3.8388976 0 P 0
L 0.496063 0.6020472 0.516063 0.6420472 0 P 0
L 0.496063 3.3500787 0.516063 3.3900787 0 P 0
L 0.496063 3.8579528 0.516063 3.8979528 0 P 0
L 0.496063 3.8933858 0.516063 3.9333858 0 P 0
L 0.499685 1.6381102 0.519685 1.5981102 0 P 0
L 0.499685 1.6381102 0.539685 1.6381102 0 P 0
L 0.499685 3.0475591 0.519685 3.0075591 0 P 0
L 0.499685 3.0475591 0.539685 3.0475591 0 P 0
L 0.5 3.1138583 0.52 3.1538583 0 P 0
L 0.501063 3.3650787 0.521063 3.3250787 0 P 0
L 0.501063 3.3650787 0.541063 3.3650787 0 P 0
L 0.503622 3.2404724 0.523622 3.2004724 0 P 0
L 0.503622 3.2404724 0.543622 3.2404724 0 P 0
L 0.503622 3.6262992 0.523622 3.5862992 0 P 0
L 0.503622 3.6262992 0.543622 3.6262992 0 P 0
L 0.503937 3.1492913 0.523937 3.1892913 0 P 0
L 0.5055244 2.1243969 0.5255244 2.0843969 0 P 0
L 0.5055244 2.1243969 0.5455244 2.1243969 0 P 0
L 0.5055906 3.2975591 0.5255906 3.2575591 0 P 0
L 0.5055906 3.2975591 0.5455906 3.2975591 0 P 0
L 0.507874 0.3737008 0.527874 0.4137008 0 P 0
L 0.507874 2.5744882 0.527874 2.6144882 0 P 0
L 0.507874 3.6611024 0.527874 3.7011024 0 P 0
L 0.5114961 2.4333858 0.5314961 2.3933858 0 P 0
L 0.5114961 2.4333858 0.5514961 2.4333858 0 P 0
L 0.511811 -0.05937 0.531811 -0.01937 0 P 0
L 0.511811 -0.1066141 0.531811 -0.0666141 0 P 0
L 0.5154331 2.2444094 0.5354331 2.2044094 0 P 0
L 0.5154331 2.2444094 0.5554331 2.2444094 0 P 0
L 0.5154331 2.2955906 0.5354331 2.2555906 0 P 0
L 0.5154331 2.2955906 0.5554331 2.2955906 0 P 0
L 0.515748 3.7988976 0.535748 3.8388976 0 P 0
L 0.516811 0.2383074 0.536811 0.1983074 0 P 0
L 0.516811 0.2383074 0.556811 0.2383074 0 P 0
L 0.5193701 2.996378 0.5393701 2.956378 0 P 0
L 0.5193701 2.996378 0.5593701 2.996378 0 P 0
L 0.5193701 3.0780709 0.5393701 3.0380709 0 P 0
L 0.5193701 3.0780709 0.5593701 3.0780709 0 P 0
L 0.5193701 3.1538583 0.5393701 3.1138583 0 P 0
L 0.5193701 3.1538583 0.5593701 3.1538583 0 P 0
L 0.5193701 3.3979528 0.5393701 3.3579528 0 P 0
L 0.5193701 3.3979528 0.5593701 3.3979528 0 P 0
L 0.519685 1.5981102 0.539685 1.6381102 0 P 0
L 0.519685 3.0075591 0.539685 3.0475591 0 P 0
L 0.521063 3.3250787 0.541063 3.3650787 0 P 0
L 0.5233071 0.4137008 0.5433071 0.3737008 0 P 0
L 0.5233071 0.4137008 0.5633071 0.4137008 0 P 0
L 0.5233071 3.7011024 0.5433071 3.6611024 0 P 0
L 0.5233071 3.7011024 0.5633071 3.7011024 0 P 0
L 0.5233071 3.8388976 0.5433071 3.7988976 0 P 0
L 0.5233071 3.8388976 0.5633071 3.8388976 0 P 0
L 0.523622 3.2004724 0.543622 3.2404724 0 P 0
L 0.523622 3.5862992 0.543622 3.6262992 0 P 0
L 0.5255244 2.0843969 0.5455244 2.1243969 0 P 0
L 0.5255906 3.2575591 0.5455906 3.2975591 0 P 0
L 0.5293701 1.0247205 0.5493701 0.9847205 0 P 0
L 0.5293701 1.0247205 0.5693701 1.0247205 0 P 0
L 0.5311811 0.1499213 0.5511811 0.1099213 0 P 0
L 0.5311811 0.1499213 0.5711811 0.1499213 0 P 0
L 0.5311815 0.0790551 0.5511815 0.0390551 0 P 0
L 0.5311815 0.0790551 0.5711815 0.0790551 0 P 0
L 0.5314961 2.3933858 0.5514961 2.4333858 0 P 0
L 0.5351181 0.031811 0.5551181 -0.008189 0 P 0
L 0.5351181 0.031811 0.5751181 0.031811 0 P 0
L 0.5351181 1.6617323 0.5551181 1.6217323 0 P 0
L 0.5351181 1.6617323 0.5751181 1.6617323 0 P 0
L 0.5351181 1.8388976 0.5551181 1.7988976 0 P 0
L 0.5351181 1.8388976 0.5751181 1.8388976 0 P 0
L 0.5354331 2.2044094 0.5554331 2.2444094 0 P 0
L 0.5354331 2.2555906 0.5554331 2.2955906 0 P 0
L 0.536811 0.1983074 0.556811 0.2383074 0 P 0
L 0.5390551 -0.01937 0.5590551 -0.05937 0 P 0
L 0.5390551 -0.01937 0.5790551 -0.01937 0 P 0
L 0.5390551 -0.0666141 0.5590551 -0.1066141 0 P 0
L 0.5390551 -0.0666141 0.5790551 -0.0666141 0 P 0
L 0.5390551 0.6061384 0.5590551 0.5661384 0 P 0
L 0.5390551 0.6061384 0.5790551 0.6061384 0 P 0
L 0.5390551 1.7916535 0.5590551 1.7516535 0 P 0
L 0.5390551 1.7916535 0.5790551 1.7916535 0 P 0
L 0.5390551 3.3231496 0.5590551 3.2831496 0 P 0
L 0.5390551 3.3231496 0.5790551 3.3231496 0 P 0
L 0.5393701 2.956378 0.5593701 2.996378 0 P 0
L 0.5393701 3.0380709 0.5593701 3.0780709 0 P 0
L 0.5393701 3.1138583 0.5593701 3.1538583 0 P 0
L 0.5393701 3.3579528 0.5593701 3.3979528 0 P 0
L 0.5410236 0.3251182 0.5610236 0.2851182 0 P 0
L 0.5410236 0.3251182 0.5810236 0.3251182 0 P 0
L 0.5433071 0.3737008 0.5633071 0.4137008 0 P 0
L 0.5433071 3.6611024 0.5633071 3.7011024 0 P 0
L 0.5433071 3.7988976 0.5633071 3.8388976 0 P 0
L 0.5469291 2.996378 0.5669291 2.956378 0 P 0
L 0.5469291 2.996378 0.5869291 2.996378 0 P 0
L 0.5469291 3.3585827 0.5669291 3.3185827 0 P 0
L 0.5469291 3.3585827 0.5869291 3.3585827 0 P 0
L 0.5493701 0.9847205 0.5693701 1.0247205 0 P 0
L 0.5508661 0.2207874 0.5708661 0.1807874 0 P 0
L 0.5508661 0.2207874 0.5908661 0.2207874 0 P 0
L 0.5511811 0.1099213 0.5711811 0.1499213 0 P 0
L 0.5511815 0.0390551 0.5711815 0.0790551 0 P 0
L 0.5548031 0.1853543 0.5748031 0.1453543 0 P 0
L 0.5548031 0.1853543 0.5948031 0.1853543 0 P 0
L 0.5551181 -0.008189 0.5751181 0.031811 0 P 0
L 0.5551181 1.6217323 0.5751181 1.6617323 0 P 0
L 0.5551181 1.7988976 0.5751181 1.8388976 0 P 0
L 0.5587402 2.5554331 0.5787402 2.5154331 0 P 0
L 0.5587402 2.5554331 0.5987402 2.5554331 0 P 0
L 0.5590551 -0.05937 0.5790551 -0.01937 0 P 0
L 0.5590551 -0.1066141 0.5790551 -0.0666141 0 P 0
L 0.5590551 0.5661384 0.5790551 0.6061384 0 P 0
L 0.5590551 1.7516535 0.5790551 1.7916535 0 P 0
L 0.5590551 3.2831496 0.5790551 3.3231496 0 P 0
L 0.5595679 3.1561429 0.5795679 3.1161429 0 P 0
L 0.5595679 3.1561429 0.5995679 3.1561429 0 P 0
L 0.5610236 0.2851182 0.5810236 0.3251182 0 P 0
L 0.5626772 0.0593701 0.5826772 0.0193701 0 P 0
L 0.5626772 0.0593701 0.6026772 0.0593701 0 P 0
L 0.5626772 1.539685 0.5826772 1.499685 0 P 0
L 0.5626772 1.539685 0.6026772 1.539685 0 P 0
L 0.5666142 3.0751181 0.5866142 3.0351181 0 P 0
L 0.5666142 3.0751181 0.6066142 3.0751181 0 P 0
L 0.5666142 3.2877165 0.5866142 3.2477165 0 P 0
L 0.5666142 3.2877165 0.6066142 3.2877165 0 P 0
L 0.5666142 3.7011024 0.5866142 3.6611024 0 P 0
L 0.5666142 3.7011024 0.6066142 3.7011024 0 P 0
L 0.5666142 3.8388976 0.5866142 3.7988976 0 P 0
L 0.5666142 3.8388976 0.6066142 3.8388976 0 P 0
L 0.5669291 2.956378 0.5869291 2.996378 0 P 0
L 0.5669291 3.3185827 0.5869291 3.3585827 0 P 0
L 0.5708661 0.1807874 0.5908661 0.2207874 0 P 0
L 0.5748031 0.1453543 0.5948031 0.1853543 0 P 0
L 0.5784252 1.7995276 0.5984252 1.7595276 0 P 0
L 0.5784252 1.7995276 0.6184252 1.7995276 0 P 0
L 0.5784252 2.1755118 0.5984252 2.1355118 0 P 0
L 0.5784252 2.1755118 0.6184252 2.1755118 0 P 0
L 0.5784252 2.2207874 0.5984252 2.1807874 0 P 0
L 0.5784252 2.2207874 0.6184252 2.2207874 0 P 0
L 0.5784252 2.273937 0.5984252 2.233937 0 P 0
L 0.5784252 2.273937 0.6184252 2.273937 0 P 0
L 0.5784252 3.3310236 0.5984252 3.2910236 0 P 0
L 0.5784252 3.3310236 0.6184252 3.3310236 0 P 0
L 0.5787402 2.5154331 0.5987402 2.5554331 0 P 0
L 0.5795679 3.1161429 0.5995679 3.1561429 0 P 0
L 0.5823622 0.4176378 0.6023622 0.3776378 0 P 0
L 0.5823622 0.4176378 0.6223622 0.4176378 0 P 0
L 0.5823622 3.2444094 0.6023622 3.2044094 0 P 0
L 0.5823622 3.2444094 0.6223622 3.2444094 0 P 0
L 0.5823622 3.6262992 0.6023622 3.5862992 0 P 0
L 0.5823622 3.6262992 0.6223622 3.6262992 0 P 0
L 0.5823622 3.9491339 0.6023622 3.9091339 0 P 0
L 0.5823622 3.9491339 0.6223622 3.9491339 0 P 0
L 0.5826772 0.0193701 0.6026772 0.0593701 0 P 0
L 0.5826772 1.499685 0.6026772 1.539685 0 P 0
L 0.5862992 3.02 0.6062992 2.98 0 P 0
L 0.5862992 3.02 0.6262992 3.02 0 P 0
L 0.5866142 3.0351181 0.6066142 3.0751181 0 P 0
L 0.5866142 3.2477165 0.6066142 3.2877165 0 P 0
L 0.5866142 3.6611024 0.6066142 3.7011024 0 P 0
L 0.5866142 3.7988976 0.6066142 3.8388976 0 P 0
L 0.5902362 2.7011024 0.6102362 2.6611024 0 P 0
L 0.5902362 2.7011024 0.6302362 2.7011024 0 P 0
L 0.5902362 2.8979528 0.6102362 2.8579528 0 P 0
L 0.5902362 2.8979528 0.6302362 2.8979528 0 P 0
L 0.5941732 3.9845669 0.6141732 3.9445669 0 P 0
L 0.5941732 3.9845669 0.6341732 3.9845669 0 P 0
L 0.5981102 2.5554331 0.6181102 2.5154331 0 P 0
L 0.5981102 2.5554331 0.6381102 2.5554331 0 P 0
L 0.5984252 1.7595276 0.6184252 1.7995276 0 P 0
L 0.5984252 2.1355118 0.6184252 2.1755118 0 P 0
L 0.5984252 2.1807874 0.6184252 2.2207874 0 P 0
L 0.5984252 2.233937 0.6184252 2.273937 0 P 0
L 0.5984252 3.2910236 0.6184252 3.3310236 0 P 0
L 0.6023622 0.3776378 0.6223622 0.4176378 0 P 0
L 0.6023622 3.2044094 0.6223622 3.2444094 0 P 0
L 0.6023622 3.5862992 0.6223622 3.6262992 0 P 0
L 0.6023622 3.9091339 0.6223622 3.9491339 0 P 0
L 0.6059843 1.6814173 0.6259843 1.6414173 0 P 0
L 0.6059843 1.6814173 0.6459843 1.6814173 0 P 0
L 0.6059843 1.8388976 0.6259843 1.7988976 0 P 0
L 0.6059843 1.8388976 0.6459843 1.8388976 0 P 0
L 0.6059843 3.8074016 0.6259843 3.7674016 0 P 0
L 0.6059843 3.8074016 0.6459843 3.8074016 0 P 0
L 0.6062992 2.98 0.6262992 3.02 0 P 0
L 0.6099213 2.6617323 0.6299213 2.6217323 0 P 0
L 0.6099213 2.6617323 0.6499213 2.6617323 0 P 0
L 0.6099213 2.9530709 0.6299213 2.9130709 0 P 0
L 0.6099213 2.9530709 0.6499213 2.9530709 0 P 0
L 0.6099213 3.3152756 0.6299213 3.2752756 0 P 0
L 0.6099213 3.3152756 0.6499213 3.3152756 0 P 0
L 0.6102362 2.6611024 0.6302362 2.7011024 0 P 0
L 0.6102362 2.8579528 0.6302362 2.8979528 0 P 0
L 0.6110236 -0.019827 0.6276849 -0.0031658 0 P 0
L 0.6110236 -0.0531496 0.6110236 -0.019827 0 P 0
L 0.6110236 0.0964567 0.6110236 0.1297793 0 P 0
L 0.6110236 0.1297793 0.6276849 0.1464405 0 P 0
L 0.6138583 3.1853543 0.6338583 3.1453543 0 P 0
L 0.6138583 3.1853543 0.6538583 3.1853543 0 P 0
L 0.6141732 3.9445669 0.6341732 3.9845669 0 P 0
L 0.6177953 2.4215748 0.6377953 2.3815748 0 P 0
L 0.6177953 2.4215748 0.6577953 2.4215748 0 P 0
L 0.6181102 2.5154331 0.6381102 2.5554331 0 P 0
L 0.6200719 0.3152758 0.6400719 0.2752758 0 P 0
L 0.6200719 0.3152758 0.6600719 0.3152758 0 P 0
L 0.6217323 3.039685 0.6417323 2.999685 0 P 0
L 0.6217323 3.039685 0.6617323 3.039685 0 P 0
L 0.6217323 3.0751181 0.6417323 3.0351181 0 P 0
L 0.6217323 3.0751181 0.6617323 3.0751181 0 P 0
L 0.6256693 3.4845669 0.6456693 3.4445669 0 P 0
L 0.6256693 3.4845669 0.6656693 3.4845669 0 P 0
L 0.6256693 3.7129134 0.6456693 3.6729134 0 P 0
L 0.6256693 3.7129134 0.6656693 3.7129134 0 P 0
L 0.6259843 1.6414173 0.6459843 1.6814173 0 P 0
L 0.6259843 1.7988976 0.6459843 1.8388976 0 P 0
L 0.6259843 3.7674016 0.6459843 3.8074016 0 P 0
L 0.6276849 -0.0031658 0.6443462 -0.019827 0 P 0
L 0.6276849 0.1464405 0.6443462 0.1297793 0 P 0
L 0.6296063 0.8231496 0.6496063 0.7831496 0 P 0
L 0.6296063 0.8231496 0.6696063 0.8231496 0 P 0
L 0.6296063 0.8664567 0.6496063 0.8264567 0 P 0
L 0.6296063 0.8664567 0.6696063 0.8664567 0 P 0
L 0.6299213 2.6217323 0.6499213 2.6617323 0 P 0
L 0.6299213 2.9130709 0.6499213 2.9530709 0 P 0
L 0.6299213 3.2752756 0.6499213 3.3152756 0 P 0
L 0.6335433 1.52 0.6535433 1.48 0 P 0
L 0.6335433 1.52 0.6735433 1.52 0 P 0
L 0.6338583 3.1453543 0.6538583 3.1853543 0 P 0
L 0.6374803 1.8388976 0.6574803 1.7988976 0 P 0
L 0.6374803 1.8388976 0.6774803 1.8388976 0 P 0
L 0.6374803 2.4727559 0.6574803 2.4327559 0 P 0
L 0.6374803 2.4727559 0.6774803 2.4727559 0 P 0
L 0.6374803 2.5554331 0.6574803 2.5154331 0 P 0
L 0.6374803 2.5554331 0.6774803 2.5554331 0 P 0
L 0.6377953 2.3815748 0.6577953 2.4215748 0 P 0
L 0.6400719 0.2752758 0.6600719 0.3152758 0 P 0
L 0.6414174 3.4294488 0.6614174 3.3894488 0 P 0
L 0.6414174 3.4294488 0.6814174 3.4294488 0 P 0
L 0.6417323 2.999685 0.6617323 3.039685 0 P 0
L 0.6417323 3.0351181 0.6617323 3.0751181 0 P 0
L 0.6443462 -0.019827 0.6443462 -0.0531496 0 P 0
L 0.6443462 -0.0281577 0.6110236 -0.0281577 0 P 0
L 0.6443462 -0.0531496 0.6443462 -0.0281577 0 P 0
L 0.6443462 0.0964567 0.6443462 0.1214486 0 P 0
L 0.6443462 0.1214486 0.6110236 0.1214486 0 P 0
L 0.6443462 0.1297793 0.6443462 0.0964567 0 P 0
L 0.6453543 0.1774803 0.6653543 0.1374803 0 P 0
L 0.6453543 0.1774803 0.6853543 0.1774803 0 P 0
L 0.6456693 3.4445669 0.6656693 3.4845669 0 P 0
L 0.6456693 3.6729134 0.6656693 3.7129134 0 P 0
L 0.6467591 0.2364859 0.6667591 0.1964859 0 P 0
L 0.6467591 0.2364859 0.6867591 0.2364859 0 P 0
L 0.6473228 0.2778741 0.6673228 0.2378741 0 P 0
L 0.6473228 0.2778741 0.6873228 0.2778741 0 P 0
L 0.6492913 1.7247244 0.6692913 1.6847244 0 P 0
L 0.6492913 1.7247244 0.6892913 1.7247244 0 P 0
L 0.6492913 1.7562205 0.6692913 1.7162205 0 P 0
L 0.6492913 1.7562205 0.6892913 1.7562205 0 P 0
L 0.6496063 0.7831496 0.6696063 0.8231496 0 P 0
L 0.6496063 0.8264567 0.6696063 0.8664567 0 P 0
L 0.6532283 0.4137008 0.6732283 0.3737008 0 P 0
L 0.6532283 0.4137008 0.6932283 0.4137008 0 P 0
L 0.6535433 1.48 0.6735433 1.52 0 P 0
L 0.6571654 1.1262992 0.6771654 1.0862992 0 P 0
L 0.6571654 1.1262992 0.6971654 1.1262992 0 P 0
L 0.6571654 2.7759055 0.6771654 2.7359055 0 P 0
L 0.6571654 2.7759055 0.6971654 2.7759055 0 P 0
L 0.6574803 1.7988976 0.6774803 1.8388976 0 P 0
L 0.6574803 2.4327559 0.6774803 2.4727559 0 P 0
L 0.6574803 2.5154331 0.6774803 2.5554331 0 P 0
L 0.6591339 2.8959843 0.6791339 2.8559843 0 P 0
L 0.6591339 2.8959843 0.6991339 2.8959843 0 P 0
L 0.6611024 0.0633071 0.6811024 0.0233071 0 P 0
L 0.6611024 0.0633071 0.7011024 0.0633071 0 P 0
L 0.6611024 1.023937 0.6811024 0.983937 0 P 0
L 0.6611024 1.023937 0.7011024 1.023937 0 P 0
L 0.6611024 2.8582253 0.6811024 2.8182253 0 P 0
L 0.6611024 2.8582253 0.7011024 2.8582253 0 P 0
L 0.6614174 3.3894488 0.6814174 3.4294488 0 P 0
L 0.6650394 1.8231496 0.6850394 1.7831496 0 P 0
L 0.6650394 1.8231496 0.7050394 1.8231496 0 P 0
L 0.6650394 2.4412598 0.6850394 2.4012598 0 P 0
L 0.6650394 2.4412598 0.7050394 2.4412598 0 P 0
L 0.6653543 0.1374803 0.6853543 0.1774803 0 P 0
L 0.6667591 0.1964859 0.6867591 0.2364859 0 P 0
L 0.6673228 0.2378741 0.6873228 0.2778741 0 P 0
L 0.6689764 0.7798425 0.6889764 0.7398425 0 P 0
L 0.6689764 0.7798425 0.7089764 0.7798425 0 P 0
L 0.6689764 2.7011024 0.6889764 2.6611024 0 P 0
L 0.6689764 2.7011024 0.7089764 2.7011024 0 P 0
L 0.6689764 3.1420472 0.6889764 3.1020472 0 P 0
L 0.6689764 3.1420472 0.7089764 3.1420472 0 P 0
L 0.6689764 3.7562205 0.6889764 3.7162205 0 P 0
L 0.6689764 3.7562205 0.7089764 3.7562205 0 P 0
L 0.6692913 1.6847244 0.6892913 1.7247244 0 P 0
L 0.6692913 1.7162205 0.6892913 1.7562205 0 P 0
L 0.6729134 0.5711811 0.6929134 0.5311811 0 P 0
L 0.6729134 0.5711811 0.7129134 0.5711811 0 P 0
L 0.6732283 0.3737008 0.6932283 0.4137008 0 P 0
L 0.6771654 1.0862992 0.6971654 1.1262992 0 P 0
L 0.6771654 2.7359055 0.6971654 2.7759055 0 P 0
L 0.6791339 2.8559843 0.6991339 2.8959843 0 P 0
L 0.6807874 0.1892913 0.7007874 0.1492913 0 P 0
L 0.6807874 0.1892913 0.7207874 0.1892913 0 P 0
L 0.6811024 0.0233071 0.7011024 0.0633071 0 P 0
L 0.6811024 0.983937 0.7011024 1.023937 0 P 0
L 0.6811024 2.8182253 0.7011024 2.8582253 0 P 0
L 0.6847244 2.4845669 0.7047244 2.4445669 0 P 0
L 0.6847244 2.4845669 0.7247244 2.4845669 0 P 0
L 0.6850394 1.7831496 0.7050394 1.8231496 0 P 0
L 0.6850394 2.4012598 0.7050394 2.4412598 0 P 0
L 0.6886614 2.4018898 0.7086614 2.3618898 0 P 0
L 0.6886614 2.4018898 0.7286614 2.4018898 0 P 0
L 0.6886614 2.527874 0.7086614 2.487874 0 P 0
L 0.6886614 2.527874 0.7286614 2.527874 0 P 0
L 0.6886614 3.7050394 0.7086614 3.6650394 0 P 0
L 0.6886614 3.7050394 0.7286614 3.7050394 0 P 0
L 0.6889764 0.7398425 0.7089764 0.7798425 0 P 0
L 0.6889764 2.6611024 0.7089764 2.7011024 0 P 0
L 0.6889764 3.1020472 0.7089764 3.1420472 0 P 0
L 0.6889764 3.7162205 0.7089764 3.7562205 0 P 0
L 0.6925984 3.6617323 0.7125984 3.6217323 0 P 0
L 0.6925984 3.6617323 0.7325984 3.6617323 0 P 0
L 0.6929134 0.5311811 0.7129134 0.5711811 0 P 0
L 0.6965354 0.9058268 0.7165354 0.8658268 0 P 0
L 0.6965354 0.9058268 0.7365354 0.9058268 0 P 0
L 0.6965354 3.4530709 0.7165354 3.4130709 0 P 0
L 0.6965354 3.4530709 0.7365354 3.4530709 0 P 0
L 0.7007874 0.1492913 0.7207874 0.1892913 0 P 0
L 0.7010641 0.3495387 0.7210641 0.3095387 0 P 0
L 0.7010641 0.3495387 0.7410641 0.3495387 0 P 0
L 0.7044094 1.0475591 0.7244094 1.0075591 0 P 0
L 0.7044094 1.0475591 0.7444094 1.0475591 0 P 0
L 0.7044094 3.1892913 0.7244094 3.1492913 0 P 0
L 0.7044094 3.1892913 0.7444094 3.1892913 0 P 0
L 0.7047244 2.4445669 0.7247244 2.4845669 0 P 0
L 0.7063779 3.3684252 0.7263779 3.3284252 0 P 0
L 0.7063779 3.3684252 0.7463779 3.3684252 0 P 0
L 0.7083465 0.1617323 0.7283465 0.1217323 0 P 0
L 0.7083465 0.1617323 0.7483465 0.1617323 0 P 0
L 0.7086614 2.3618898 0.7286614 2.4018898 0 P 0
L 0.7086614 2.487874 0.7286614 2.527874 0 P 0
L 0.7086614 3.6650394 0.7286614 3.7050394 0 P 0
L 0.7122835 0.8546457 0.7322835 0.8146457 0 P 0
L 0.7122835 0.8546457 0.7522835 0.8546457 0 P 0
L 0.7125984 3.6217323 0.7325984 3.6617323 0 P 0
L 0.7162205 3.3310236 0.7362205 3.2910236 0 P 0
L 0.7162205 3.3310236 0.7562205 3.3310236 0 P 0
L 0.7162205 3.4727559 0.7362205 3.4327559 0 P 0
L 0.7162205 3.4727559 0.7562205 3.4727559 0 P 0
L 0.7165354 0.8658268 0.7365354 0.9058268 0 P 0
L 0.7165354 3.4130709 0.7365354 3.4530709 0 P 0
L 0.7210641 0.3095387 0.7410641 0.3495387 0 P 0
L 0.7244094 1.0075591 0.7444094 1.0475591 0 P 0
L 0.7244094 3.1492913 0.7444094 3.1892913 0 P 0
L 0.7263779 3.3284252 0.7463779 3.3684252 0 P 0
L 0.7280315 0.5711811 0.7480315 0.5311811 0 P 0
L 0.7280315 0.5711811 0.7680315 0.5711811 0 P 0
L 0.7283465 0.1217323 0.7483465 0.1617323 0 P 0
L 0.7319685 0.7129134 0.7519685 0.6729134 0 P 0
L 0.7319685 0.7129134 0.7719685 0.7129134 0 P 0
L 0.7322835 0.8146457 0.7522835 0.8546457 0 P 0
L 0.7359055 0.9570079 0.7559055 0.9170079 0 P 0
L 0.7359055 0.9570079 0.7759055 0.9570079 0 P 0
L 0.7359055 1.1459843 0.7559055 1.1059843 0 P 0
L 0.7359055 1.1459843 0.7759055 1.1459843 0 P 0
L 0.7359055 3.1302362 0.7559055 3.0902362 0 P 0
L 0.7359055 3.1302362 0.7759055 3.1302362 0 P 0
L 0.7362205 3.2910236 0.7562205 3.3310236 0 P 0
L 0.7362205 3.4327559 0.7562205 3.4727559 0 P 0
L 0.7398425 0.9018898 0.7598425 0.8618898 0 P 0
L 0.7398425 0.9018898 0.7798425 0.9018898 0 P 0
L 0.7398425 3.1853543 0.7598425 3.1453543 0 P 0
L 0.7398425 3.1853543 0.7798425 3.1853543 0 P 0
L 0.7437795 2.7247244 0.7637795 2.6847244 0 P 0
L 0.7437795 2.7247244 0.7837795 2.7247244 0 P 0
L 0.7437795 3.2207874 0.7637795 3.1807874 0 P 0
L 0.7437795 3.2207874 0.7837795 3.2207874 0 P 0
L 0.7477165 0.1617323 0.7677165 0.1217323 0 P 0
L 0.7477165 0.1617323 0.7877165 0.1617323 0 P 0
L 0.7477165 0.2207874 0.7677165 0.1807874 0 P 0
L 0.7477165 0.2207874 0.7877165 0.2207874 0 P 0
L 0.7477165 0.8546457 0.7677165 0.8146457 0 P 0
L 0.7477165 0.8546457 0.7877165 0.8546457 0 P 0
L 0.7477165 2.8507087 0.7677165 2.8107087 0 P 0
L 0.7477165 2.8507087 0.7877165 2.8507087 0 P 0
L 0.7477165 3.3664567 0.7677165 3.3264567 0 P 0
L 0.7477165 3.3664567 0.7877165 3.3664567 0 P 0
L 0.7480315 0.5311811 0.7680315 0.5711811 0 P 0
L 0.7516535 2.7955906 0.7716535 2.7555906 0 P 0
L 0.7516535 2.7955906 0.7916535 2.7955906 0 P 0
L 0.7516535 3.2955906 0.7716535 3.2555906 0 P 0
L 0.7516535 3.2955906 0.7916535 3.2955906 0 P 0
L 0.7516535 3.496378 0.7716535 3.456378 0 P 0
L 0.7516535 3.496378 0.7916535 3.496378 0 P 0
L 0.7519685 0.6729134 0.7719685 0.7129134 0 P 0
L 0.7548032 2.996378 0.7748032 2.956378 0 P 0
L 0.7548032 2.996378 0.7948032 2.996378 0 P 0
L 0.7559055 0.9170079 0.7759055 0.9570079 0 P 0
L 0.7559055 1.1059843 0.7759055 1.1459843 0 P 0
L 0.7559055 3.0902362 0.7759055 3.1302362 0 P 0
L 0.7595276 1.5633071 0.7795276 1.5233071 0 P 0
L 0.7595276 1.5633071 0.7995276 1.5633071 0 P 0
L 0.7598425 0.8618898 0.7798425 0.9018898 0 P 0
L 0.7598425 3.1453543 0.7798425 3.1853543 0 P 0
L 0.7606359 0.3023563 0.7806359 0.2623563 0 P 0
L 0.7606359 0.3023563 0.8006359 0.3023563 0 P 0
L 0.7637795 2.6847244 0.7837795 2.7247244 0 P 0
L 0.7637795 3.1807874 0.7837795 3.2207874 0 P 0
L 0.7677165 0.1217323 0.7877165 0.1617323 0 P 0
L 0.7677165 0.1807874 0.7877165 0.2207874 0 P 0
L 0.7677165 0.8146457 0.7877165 0.8546457 0 P 0
L 0.7677165 2.8107087 0.7877165 2.8507087 0 P 0
L 0.7677165 3.3264567 0.7877165 3.3664567 0 P 0
L 0.7716535 2.7555906 0.7916535 2.7955906 0 P 0
L 0.7716535 3.2555906 0.7916535 3.2955906 0 P 0
L 0.7716535 3.456378 0.7916535 3.496378 0 P 0
L 0.773307 0.9570079 0.793307 0.9170079 0 P 0
L 0.773307 0.9570079 0.813307 0.9570079 0 P 0
L 0.7748032 2.956378 0.7948032 2.996378 0 P 0
L 0.7752756 1.1459843 0.7952756 1.1059843 0 P 0
L 0.7752756 1.1459843 0.8152756 1.1459843 0 P 0
L 0.7752756 3.1302362 0.7952756 3.0902362 0 P 0
L 0.7752756 3.1302362 0.8152756 3.1302362 0 P 0
L 0.7792126 0.500315 0.7992126 0.460315 0 P 0
L 0.7792126 0.500315 0.8192126 0.500315 0 P 0
L 0.7795276 1.5233071 0.7995276 1.5633071 0 P 0
L 0.7806359 0.2623563 0.8006359 0.3023563 0 P 0
L 0.7831496 0.6420472 0.8031496 0.6020472 0 P 0
L 0.7831496 0.6420472 0.8231496 0.6420472 0 P 0
L 0.7870866 2.5633071 0.8070866 2.5233071 0 P 0
L 0.7870866 2.5633071 0.8270866 2.5633071 0 P 0
L 0.793307 0.9170079 0.813307 0.9570079 0 P 0
L 0.7952756 1.1059843 0.8152756 1.1459843 0 P 0
L 0.7952756 3.0902362 0.8152756 3.1302362 0 P 0
L 0.7988976 2.9097638 0.8188976 2.8697638 0 P 0
L 0.7988976 2.9097638 0.8388976 2.9097638 0 P 0
L 0.7988977 3.4215748 0.8188977 3.3815748 0 P 0
L 0.7988977 3.4215748 0.8388977 3.4215748 0 P 0
L 0.7992126 0.460315 0.8192126 0.500315 0 P 0
L 0.8028346 0.2995276 0.8228346 0.2595276 0 P 0
L 0.8028346 0.2995276 0.8428346 0.2995276 0 P 0
L 0.8028346 1.008189 0.8228346 0.968189 0 P 0
L 0.8028346 1.008189 0.8428346 1.008189 0 P 0
L 0.8031496 0.6020472 0.8231496 0.6420472 0 P 0
L 0.8070866 2.5233071 0.8270866 2.5633071 0 P 0
L 0.8087401 3.2247244 0.8287401 3.1847244 0 P 0
L 0.8087401 3.2247244 0.8487401 3.2247244 0 P 0
L 0.8175985 0.9058268 0.8375985 0.8658268 0 P 0
L 0.8175985 0.9058268 0.8575985 0.9058268 0 P 0
L 0.8185827 0.500315 0.8385827 0.460315 0 P 0
L 0.8185827 0.500315 0.8585827 0.500315 0 P 0
L 0.8185827 2.8113386 0.8385827 2.7713386 0 P 0
L 0.8185827 2.8113386 0.8585827 2.8113386 0 P 0
L 0.8185827 2.9885039 0.8385827 2.9485039 0 P 0
L 0.8185827 2.9885039 0.8585827 2.9885039 0 P 0
L 0.8185827 3.031811 0.8385827 2.991811 0 P 0
L 0.8185827 3.031811 0.8585827 3.031811 0 P 0
L 0.8185827 3.4215748 0.8385827 3.3815748 0 P 0
L 0.8185827 3.4215748 0.8585827 3.4215748 0 P 0
L 0.8188976 2.8697638 0.8388976 2.9097638 0 P 0
L 0.8188977 3.3815748 0.8388977 3.4215748 0 P 0
L 0.8225197 3.1262992 0.8425197 3.0862992 0 P 0
L 0.8225197 3.1262992 0.8625197 3.1262992 0 P 0
L 0.8225197 3.1617323 0.8425197 3.1217323 0 P 0
L 0.8225197 3.1617323 0.8625197 3.1617323 0 P 0
L 0.8228346 0.2595276 0.8428346 0.2995276 0 P 0
L 0.8228346 0.968189 0.8428346 1.008189 0 P 0
L 0.8264567 1.8105605 0.8464567 1.7705605 0 P 0
L 0.8264567 1.8105605 0.8664567 1.8105605 0 P 0
L 0.8264567 1.9806299 0.8464567 1.9406299 0 P 0
L 0.8264567 1.9806299 0.8664567 1.9806299 0 P 0
L 0.8287401 3.1847244 0.8487401 3.2247244 0 P 0
L 0.8303937 2.4924409 0.8503937 2.4524409 0 P 0
L 0.8303937 2.4924409 0.8703937 2.4924409 0 P 0
L 0.8303937 3.3034646 0.8503937 3.2634646 0 P 0
L 0.8303937 3.3034646 0.8703937 3.3034646 0 P 0
L 0.8375985 0.8658268 0.8575985 0.9058268 0 P 0
L 0.8382677 2.7207874 0.8582677 2.6807874 0 P 0
L 0.8382677 2.7207874 0.8782677 2.7207874 0 P 0
L 0.8382677 2.9058268 0.8582677 2.8658268 0 P 0
L 0.8382677 2.9058268 0.8782677 2.9058268 0 P 0
L 0.8382678 3.4215748 0.8582678 3.3815748 0 P 0
L 0.8382678 3.4215748 0.8782678 3.4215748 0 P 0
L 0.8385827 0.460315 0.8585827 0.500315 0 P 0
L 0.8385827 2.7713386 0.8585827 2.8113386 0 P 0
L 0.8385827 2.9485039 0.8585827 2.9885039 0 P 0
L 0.8385827 2.991811 0.8585827 3.031811 0 P 0
L 0.8385827 3.3815748 0.8585827 3.4215748 0 P 0
L 0.8425197 3.0862992 0.8625197 3.1262992 0 P 0
L 0.8425197 3.1217323 0.8625197 3.1617323 0 P 0
L 0.8464567 1.7705605 0.8664567 1.8105605 0 P 0
L 0.8464567 1.9406299 0.8664567 1.9806299 0 P 0
L 0.8500787 2.4294488 0.8700787 2.3894488 0 P 0
L 0.8500787 2.4294488 0.8900787 2.4294488 0 P 0
L 0.8500787 3.2680315 0.8700787 3.2280315 0 P 0
L 0.8500787 3.2680315 0.8900787 3.2680315 0 P 0
L 0.8503937 2.4524409 0.8703937 2.4924409 0 P 0
L 0.8503937 3.2634646 0.8703937 3.3034646 0 P 0
L 0.8582677 2.6807874 0.8782677 2.7207874 0 P 0
L 0.8582677 2.8658268 0.8782677 2.9058268 0 P 0
L 0.8582678 3.3815748 0.8782678 3.4215748 0 P 0
L 0.8618898 -0.01 0.8618898 0.01 0 P 0
L 0.8618898 -0.01 0.8718898 -0.01 0 P 0
L 0.8618898 0.01 0.8718898 0.01 0 P 0
L 0.8618898 0.3428346 0.8818898 0.3028346 0 P 0
L 0.8618898 0.3428346 0.9018898 0.3428346 0 P 0
L 0.8618898 2.3900787 0.8818898 2.3500787 0 P 0
L 0.8618898 2.3900787 0.9018898 2.3900787 0 P 0
L 0.8618898 3.8600787 0.8618898 3.8800787 0 P 0
L 0.8618898 3.8600787 0.8718898 3.8600787 0 P 0
L 0.8618898 3.8800787 0.8718898 3.8800787 0 P 0
L 0.8658268 2.6341732 0.8858268 2.5941732 0 P 0
L 0.8658268 2.6341732 0.9058268 2.6341732 0 P 0
L 0.8658268 3.5593701 0.8858268 3.5193701 0 P 0
L 0.8658268 3.5593701 0.9058268 3.5593701 0 P 0
L 0.8658268 3.5987402 0.8858268 3.5587402 0 P 0
L 0.8658268 3.5987402 0.9058268 3.5987402 0 P 0
L 0.866811 3.009685 0.876811 3.009685 0 P 0
L 0.866811 3.009685 0.876811 3.019685 0 P 0
L 0.866811 3.029685 0.876811 3.019685 0 P 0
L 0.866811 3.029685 0.876811 3.029685 0 P 0
L 0.8697638 0.1617323 0.8897638 0.1217323 0 P 0
L 0.8697638 0.1617323 0.9097638 0.1617323 0 P 0
L 0.8697638 1.9766929 0.8897638 1.9366929 0 P 0
L 0.8697638 1.9766929 0.9097638 1.9766929 0 P 0
L 0.8697638 3.3034646 0.8897638 3.2634646 0 P 0
L 0.8697638 3.3034646 0.9097638 3.3034646 0 P 0
L 0.8700787 2.3894488 0.8900787 2.4294488 0 P 0
L 0.8700787 3.2280315 0.8900787 3.2680315 0 P 0
L 0.8715063 1.7028449 0.8915063 1.6628449 0 P 0
L 0.8715063 1.7028449 0.9115063 1.7028449 0 P 0
L 0.8715063 1.8800102 0.8915063 1.8400102 0 P 0
L 0.8715063 1.8800102 0.9115063 1.8800102 0 P 0
L 0.8718898 -0.02 0.8718898 -0.01 0 P 0
L 0.8718898 -0.02 0.8918898 -0.02 0 P 0
L 0.8718898 0.01 0.8718898 0.02 0 P 0
L 0.8718898 0.02 0.8918898 0.02 0 P 0
L 0.8718898 3.8500787 0.8718898 3.8600787 0 P 0
L 0.8718898 3.8500787 0.8918898 3.8500787 0 P 0
L 0.8718898 3.8800787 0.8718898 3.8900787 0 P 0
L 0.8718898 3.8900787 0.8918898 3.8900787 0 P 0
L 0.8737008 1.5908661 0.8937008 1.5508661 0 P 0
L 0.8737008 1.5908661 0.9137008 1.5908661 0 P 0
L 0.876811 3.009685 0.886811 2.999685 0 P 0
L 0.876811 3.029685 0.886811 3.039685 0 P 0
L 0.8815599 1.627935 0.9015599 1.587935 0 P 0
L 0.8815599 1.627935 0.9215599 1.627935 0 P 0
L 0.8815748 1.8034645 0.9015748 1.7634645 0 P 0
L 0.8815748 1.8034645 0.9215748 1.8034645 0 P 0
L 0.8818898 0.3028346 0.9018898 0.3428346 0 P 0
L 0.8818898 2.3500787 0.9018898 2.3900787 0 P 0
L 0.8855118 1.2050394 0.9055118 1.1650394 0 P 0
L 0.8855118 1.2050394 0.9255118 1.2050394 0 P 0
L 0.8858268 2.5941732 0.9058268 2.6341732 0 P 0
L 0.8858268 3.5193701 0.9058268 3.5593701 0 P 0
L 0.8858268 3.5587402 0.9058268 3.5987402 0 P 0
L 0.886811 2.999685 0.896811 3.009685 0 P 0
L 0.886811 3.039685 0.896811 3.029685 0 P 0
L 0.889309 0.2366752 0.909309 0.1966752 0 P 0
L 0.889309 0.2366752 0.929309 0.2366752 0 P 0
L 0.8894488 3.2680315 0.9094488 3.2280315 0 P 0
L 0.8894488 3.2680315 0.9294488 3.2680315 0 P 0
L 0.8894488 3.6341732 0.9094488 3.5941732 0 P 0
L 0.8894488 3.6341732 0.9294488 3.6341732 0 P 0
L 0.8894488 3.6735433 0.9094488 3.6335433 0 P 0
L 0.8894488 3.6735433 0.9294488 3.6735433 0 P 0
L 0.8894488 3.7129134 0.9094488 3.6729134 0 P 0
L 0.8894488 3.7129134 0.9294488 3.7129134 0 P 0
L 0.8894489 2.0514959 0.9094489 2.0114959 0 P 0
L 0.8894489 2.0514959 0.9294489 2.0514959 0 P 0
L 0.8896383 2.8779141 0.9096383 2.8379141 0 P 0
L 0.8896383 2.8779141 0.9296383 2.8779141 0 P 0
L 0.8897638 0.1217323 0.9097638 0.1617323 0 P 0
L 0.8897638 1.9366929 0.9097638 1.9766929 0 P 0
L 0.8897638 3.2634646 0.9097638 3.3034646 0 P 0
L 0.8915063 1.6628449 0.9115063 1.7028449 0 P 0
L 0.8915063 1.8400102 0.9115063 1.8800102 0 P 0
L 0.8918898 -0.01 0.9018898 -0.01 0 P 0
L 0.8918898 -0.02 0.8918898 -0.01 0 P 0
L 0.8918898 0.01 0.8918898 0.02 0 P 0
L 0.8918898 0.01 0.9018898 0.01 0 P 0
L 0.8918898 3.8500787 0.8918898 3.8600787 0 P 0
L 0.8918898 3.8600787 0.9018898 3.8600787 0 P 0
L 0.8918898 3.8800787 0.8918898 3.8900787 0 P 0
L 0.8918898 3.8800787 0.9018898 3.8800787 0 P 0
L 0.8933858 0.4727559 0.9133858 0.4327559 0 P 0
L 0.8933858 0.4727559 0.9333858 0.4727559 0 P 0
L 0.8933858 2.496378 0.9133858 2.456378 0 P 0
L 0.8933858 2.496378 0.9333858 2.496378 0 P 0
L 0.8933858 2.5751181 0.9133858 2.5351181 0 P 0
L 0.8933858 2.5751181 0.9333858 2.5751181 0 P 0
L 0.8937008 1.5508661 0.9137008 1.5908661 0 P 0
L 0.896811 3.009685 0.906811 3.009685 0 P 0
L 0.896811 3.019685 0.906811 3.009685 0 P 0
L 0.896811 3.019685 0.906811 3.029685 0 P 0
L 0.896811 3.029685 0.906811 3.029685 0 P 0
L 0.8973228 0.8664567 0.9173228 0.8264567 0 P 0
L 0.8973228 0.8664567 0.9373228 0.8664567 0 P 0
L 0.8973228 1.9412598 0.9173228 1.9012598 0 P 0
L 0.8973228 1.9412598 0.9373228 1.9412598 0 P 0
L 0.8992913 3.4196064 0.9192913 3.3796064 0 P 0
L 0.8992913 3.4196064 0.9392913 3.4196064 0 P 0
L 0.8992913 3.4392915 0.9192913 3.3992915 0 P 0
L 0.8992913 3.4392915 0.9392913 3.4392915 0 P 0
L 0.8992913 3.4589765 0.9192913 3.4189765 0 P 0
L 0.8992913 3.4589765 0.9392913 3.4589765 0 P 0
L 0.8992914 1.7640944 0.9192914 1.7240944 0 P 0
L 0.8992914 1.7640944 0.9392914 1.7640944 0 P 0
L 0.9015599 1.587935 0.9215599 1.627935 0 P 0
L 0.9015748 1.7634645 0.9215748 1.8034645 0 P 0
L 0.9018898 -0.01 0.9018898 0.01 0 P 0
L 0.9018898 3.8600787 0.9018898 3.8800787 0 P 0
L 0.9055118 1.1650394 0.9255118 1.2050394 0 P 0
L 0.9091339 2.6341732 0.9291339 2.5941732 0 P 0
L 0.9091339 2.6341732 0.9491339 2.6341732 0 P 0
L 0.9091339 3.3034646 0.9291339 3.2634646 0 P 0
L 0.9091339 3.3034646 0.9491339 3.3034646 0 P 0
L 0.909309 0.1966752 0.929309 0.2366752 0 P 0
L 0.9093307 0.2996674 0.9293307 0.2596674 0 P 0
L 0.9093307 0.2996674 0.9493307 0.2996674 0 P 0
L 0.9094488 3.2280315 0.9294488 3.2680315 0 P 0
L 0.9094488 3.5941732 0.9294488 3.6341732 0 P 0
L 0.9094488 3.6335433 0.9294488 3.6735433 0 P 0
L 0.9094488 3.6729134 0.9294488 3.7129134 0 P 0
L 0.9094489 2.0114959 0.9294489 2.0514959 0 P 0
L 0.9096383 2.8379141 0.9296383 2.8779141 0 P 0
L 0.9130709 0.6105512 0.9330709 0.5705512 0 P 0
L 0.9130709 0.6105512 0.9530709 0.6105512 0 P 0
L 0.9133858 0.4327559 0.9333858 0.4727559 0 P 0
L 0.9133858 2.456378 0.9333858 2.496378 0 P 0
L 0.9133858 2.5351181 0.9333858 2.5751181 0 P 0
L 0.9170079 0.1499213 0.9370079 0.1099213 0 P 0
L 0.9170079 0.1499213 0.9570079 0.1499213 0 P 0
L 0.9170407 1.5707821 0.9370407 1.5307821 0 P 0
L 0.9170407 1.5707821 0.9570407 1.5707821 0 P 0
L 0.9173228 0.8264567 0.9373228 0.8664567 0 P 0
L 0.9173228 1.9012598 0.9373228 1.9412598 0 P 0
L 0.9192913 3.3796064 0.9392913 3.4196064 0 P 0
L 0.9192913 3.3992915 0.9392913 3.4392915 0 P 0
L 0.9192913 3.4189765 0.9392913 3.4589765 0 P 0
L 0.9192914 1.7240944 0.9392914 1.7640944 0 P 0
L 0.9209449 0.8310236 0.9409449 0.7910236 0 P 0
L 0.9209449 0.8310236 0.9609449 0.8310236 0 P 0
L 0.9209449 1.7089764 0.9409449 1.6689764 0 P 0
L 0.9209449 1.7089764 0.9609449 1.7089764 0 P 0
L 0.9209449 1.7916535 0.9409449 1.7516535 0 P 0
L 0.9209449 1.7916535 0.9609449 1.7916535 0 P 0
L 0.9209449 1.8861417 0.9409449 1.8461417 0 P 0
L 0.9209449 1.8861417 0.9609449 1.8861417 0 P 0
L 0.9288189 0.6577953 0.9488189 0.6177953 0 P 0
L 0.9288189 0.6577953 0.9688189 0.6577953 0 P 0
L 0.9291339 2.5941732 0.9491339 2.6341732 0 P 0
L 0.9291339 3.2634646 0.9491339 3.3034646 0 P 0
L 0.9293307 0.2596674 0.9493307 0.2996674 0 P 0
L 0.9327559 1.1656693 0.9527559 1.1256693 0 P 0
L 0.9327559 1.1656693 0.9727559 1.1656693 0 P 0
L 0.9327559 1.8270866 0.9527559 1.7870866 0 P 0
L 0.9327559 1.8270866 0.9727559 1.8270866 0 P 0
L 0.9330709 0.5705512 0.9530709 0.6105512 0 P 0
L 0.9366929 2.3625197 0.9566929 2.3225197 0 P 0
L 0.9366929 2.3625197 0.9766929 2.3625197 0 P 0
L 0.9370079 0.1099213 0.9570079 0.1499213 0 P 0
L 0.9370407 1.5307821 0.9570407 1.5707821 0 P 0
L 0.9381471 1.6499212 0.9581471 1.6099212 0 P 0
L 0.9381471 1.6499212 0.9781471 1.6499212 0 P 0
L 0.9406299 0.6932283 0.9606299 0.6532283 0 P 0
L 0.9406299 0.6932283 0.9806299 0.6932283 0 P 0
L 0.9409449 0.7910236 0.9609449 0.8310236 0 P 0
L 0.9409449 1.6689764 0.9609449 1.7089764 0 P 0
L 0.9409449 1.7516535 0.9609449 1.7916535 0 P 0
L 0.9409449 1.8461417 0.9609449 1.8861417 0 P 0
L 0.9445669 0.7286614 0.9645669 0.6886614 0 P 0
L 0.9445669 0.7286614 0.9845669 0.7286614 0 P 0
L 0.9445669 2.0790551 0.9645669 2.0390551 0 P 0
L 0.9445669 2.0790551 0.9845669 2.0790551 0 P 0
L 0.9445669 2.7640945 0.9645669 2.7240945 0 P 0
L 0.9445669 2.7640945 0.9845669 2.7640945 0 P 0
L 0.9485039 3.3349606 0.9685039 3.2949606 0 P 0
L 0.9485039 3.3349606 0.9885039 3.3349606 0 P 0
L 0.9485039 3.3782677 0.9685039 3.3382677 0 P 0
L 0.9485039 3.3782677 0.9885039 3.3782677 0 P 0
L 0.9485039 3.4215748 0.9685039 3.3815748 0 P 0
L 0.9485039 3.4215748 0.9885039 3.4215748 0 P 0
L 0.9485039 3.4609449 0.9685039 3.4209449 0 P 0
L 0.9485039 3.4609449 0.9885039 3.4609449 0 P 0
L 0.9485039 3.500315 0.9685039 3.460315 0 P 0
L 0.9485039 3.500315 0.9885039 3.500315 0 P 0
L 0.9488189 0.6177953 0.9688189 0.6577953 0 P 0
L 0.9524409 0.8034646 0.9724409 0.7634646 0 P 0
L 0.9524409 0.8034646 0.9924409 0.8034646 0 P 0
L 0.9524409 1.043622 0.9724409 1.003622 0 P 0
L 0.9524409 1.043622 0.9924409 1.043622 0 P 0
L 0.9524409 3.2207874 0.9724409 3.1807874 0 P 0
L 0.9524409 3.2207874 0.9924409 3.2207874 0 P 0
L 0.9527559 1.1256693 0.9727559 1.1656693 0 P 0
L 0.9527559 1.7870866 0.9727559 1.8270866 0 P 0
L 0.956378 1.6262992 0.976378 1.5862992 0 P 0
L 0.956378 1.6262992 0.996378 1.6262992 0 P 0
L 0.956378 2.6026772 0.976378 2.5626772 0 P 0
L 0.956378 2.6026772 0.996378 2.6026772 0 P 0
L 0.9566929 2.3225197 0.9766929 2.3625197 0 P 0
L 0.9581471 1.6099212 0.9781471 1.6499212 0 P 0
L 0.960315 2.523937 0.980315 2.483937 0 P 0
L 0.960315 2.523937 1.000315 2.523937 0 P 0
L 0.9606299 0.6532283 0.9806299 0.6932283 0 P 0
L 0.9645669 0.6886614 0.9845669 0.7286614 0 P 0
L 0.9645669 2.0390551 0.9845669 2.0790551 0 P 0
L 0.9645669 2.7240945 0.9845669 2.7640945 0 P 0
L 0.968189 0.1066142 0.988189 0.0666142 0 P 0
L 0.968189 0.1066142 1.008189 0.1066142 0 P 0
L 0.9685039 3.2949606 0.9885039 3.3349606 0 P 0
L 0.9685039 3.3382677 0.9885039 3.3782677 0 P 0
L 0.9685039 3.3815748 0.9885039 3.4215748 0 P 0
L 0.9685039 3.4209449 0.9885039 3.4609449 0 P 0
L 0.9685039 3.460315 0.9885039 3.500315 0 P 0
L 0.972126 2.7011024 0.992126 2.6611024 0 P 0
L 0.972126 2.7011024 1.012126 2.7011024 0 P 0
L 0.9724409 0.7634646 0.9924409 0.8034646 0 P 0
L 0.9724409 1.003622 0.9924409 1.043622 0 P 0
L 0.9724409 3.1807874 0.9924409 3.2207874 0 P 0
L 0.9750788 3.009685 0.9850788 3.009685 0 P 0
L 0.9750788 3.009685 0.9850788 3.019685 0 P 0
L 0.9750788 3.029685 0.9850788 3.019685 0 P 0
L 0.9750788 3.029685 0.9850788 3.029685 0 P 0
L 0.976378 1.5862992 0.996378 1.6262992 0 P 0
L 0.976378 2.5626772 0.996378 2.6026772 0 P 0
L 0.980315 2.483937 1.000315 2.523937 0 P 0
L 0.983937 3.1499213 1.003937 3.1099213 0 P 0
L 0.983937 3.1499213 1.023937 3.1499213 0 P 0
L 0.9850788 3.009685 0.9950788 2.999685 0 P 0
L 0.9850788 3.029685 0.9950788 3.039685 0 P 0
L 0.987874 2.9294488 1.007874 2.8894488 0 P 0
L 0.987874 2.9294488 1.027874 2.9294488 0 P 0
L 0.988189 0.0666142 1.008189 0.1066142 0 P 0
L 0.992126 2.6611024 1.012126 2.7011024 0 P 0
L 0.9950788 2.999685 1.0050788 3.009685 0 P 0
L 0.9950788 3.039685 1.0050788 3.029685 0 P 0
L 0.999685 0.4688189 1.019685 0.4288189 0 P 0
L 0.999685 0.4688189 1.039685 0.4688189 0 P 0
L 0.999685 1.539685 1.019685 1.499685 0 P 0
L 0.999685 1.539685 1.039685 1.539685 0 P 0
L 1.0036221 0.3349607 1.0236221 0.2949607 0 P 0
L 1.0036221 0.3349607 1.0436221 0.3349607 0 P 0
L 1.003937 3.1099213 1.023937 3.1499213 0 P 0
L 1.0050788 3.009685 1.0150788 3.009685 0 P 0
L 1.0050788 3.019685 1.0150788 3.009685 0 P 0
L 1.0050788 3.019685 1.0150788 3.029685 0 P 0
L 1.0050788 3.029685 1.0150788 3.029685 0 P 0
L 1.007874 2.8894488 1.027874 2.9294488 0 P 0
L 1.0114961 0.0869291 1.0314961 0.0469291 0 P 0
L 1.0114961 0.0869291 1.0514961 0.0869291 0 P 0
L 1.019685 0.4288189 1.039685 0.4688189 0 P 0
L 1.019685 1.499685 1.039685 1.539685 0 P 0
L 1.0233071 0.496378 1.0433071 0.456378 0 P 0
L 1.0233071 0.496378 1.0633071 0.496378 0 P 0
L 1.0233071 1.4843429 1.0433071 1.4443429 0 P 0
L 1.0233071 1.4843429 1.0633071 1.4843429 0 P 0
L 1.0236221 0.2949607 1.0436221 0.3349607 0 P 0
L 1.0314961 0.0469291 1.0514961 0.0869291 0 P 0
L 1.0433071 0.456378 1.0633071 0.496378 0 P 0
L 1.0433071 1.4443429 1.0633071 1.4843429 0 P 0
