#Layer_Color=16711935
#
#Feature symbol names
#
$0 r3.937

#
#Feature attribute names
#

#
#Layer features
#
A -0.1553442 3.9287943 -0.2007874 3.8574407 -0.1220472 3.8574407 0 P 0 N
A -0.2007874 0.0189049 -0.155318 -0.0524609 -0.1220472 0.0189049 0 P 0 N
A 0.1069439 3.9839548 0.1073066 3.9824414 0.1362982 3.9901901 0 P 0 N
A 0.1073067 3.9824414 0.1079088 3.9804663 0.1359986 3.9901095 0 P 0 N
A 0.1079088 3.9804663 0.140481 3.9609322 0.1358291 3.9900987 0 P 0 N
A 0.140481 3.9609322 0.1419634 3.9612085 0.1357244 3.9905669 0 P 0 N
A 0.1419633 3.9612085 0.1444144 3.9618392 0.1357872 3.9902887 0 P 0 N
A 0.1444144 3.9618392 0.1653543 3.9900914 0.1358247 3.9900919 0 P 0 N
A 0.1925785 -0.0893697 0.1658067 -0.1136595 0.1948836 -0.118809 0 P 0 N
A 0.1948819 -0.0892806 0.1925785 -0.0893697 0.1948798 -0.1190495 0 P 0 N
A 0.1963893 -0.0893184 0.1948819 -0.0892806 0.1948832 -0.1192946 0 P 0 N
A 0.2241907 -0.1151953 0.1963893 -0.0893184 0.1948781 -0.1188149 0 P 0 N
A 0.2243692 -0.1172525 0.2241906 -0.1151954 0.1947101 -0.1187902 0 P 0 N
A 0.2244095 -0.1188082 0.2243692 -0.1172525 0.1944003 -0.1188068 0 P 0 N
A 0.2244095 -0.1410017 0.6574803 -0.1410017 0.4409449 2.7047244 0 P 0 N
A 0.6574803 -0.1187652 0.6574803 -0.1188082 0.6874148 -0.1188082 0 P 0 N
A 0.6796483 -0.0902116 0.6574803 -0.1187652 0.6870097 -0.1188087 0 P 0 N
A 0.6819016 -0.0897254 0.6796483 -0.0902115 0.6870475 -0.1190462 0 P 0 N
A 0.6833929 -0.089502 0.6819016 -0.0897254 0.6870933 -0.119287 0 P 0 N
A 0.7152503 -0.1101813 0.6833928 -0.089502 0.6870053 -0.1188154 0 P 0 N
A 0.7157818 -0.1121766 0.7152502 -0.1101814 0.6868355 -0.1188202 0 P 0 N
A 0.7160906 -0.1137019 0.7157819 -0.1121766 0.6865333 -0.1188901 0 P 0 N
A 0.7165354 3.9900913 0.7165757 3.9885356 0.7465446 3.9900899 0 P 0 N
A 0.7165354 4.0081025 0.1653544 4.0081025 0.4409449 1.1771654 0 P 0 N
A 0.7165757 3.9885357 0.7167543 3.9864786 0.7462348 3.9900734 0 P 0 N
A 0.7167542 3.9864785 0.7445556 3.9606016 0.7460668 3.9900981 0 P 0 N
A 0.7445556 3.9606016 0.746063 3.9605638 0.7460617 3.9905778 0 P 0 N
A 0.746063 3.9605638 0.7485916 3.9606713 0.7460653 3.9902926 0 P 0 N
A 0.7485916 3.9606713 0.7749458 3.9839546 0.7460611 3.9900923 0 P 0 N
A 1.0372031 -0.0524629 1.0826772 0.018905 1.003937 0.018905 0 P 0 N
A 1.0826772 3.8574404 1.0372245 3.9287984 1.003937 3.8574404 0 P 0 N
L -0.0010371 3.9692893 0.0000971 3.9694752 0 P 0
L -0.0013637 -0.0927989 0.000001 -0.0930229 0 P 0
L -0.0021653 3.9691035 -0.0010371 3.9692893 0 P 0
L -0.0027836 -0.0925645 -0.0013637 -0.0927989 0 P 0
L -0.0032875 3.9689179 -0.0021653 3.9691035 0 P 0
L -0.0042577 -0.0923197 -0.0027836 -0.0925645 0 P 0
L -0.0044297 3.968728 -0.0032875 3.9689179 0 P 0
L -0.0055657 3.9685383 -0.0044297 3.968728 0 P 0
L -0.0058059 -0.0920609 -0.0042577 -0.0923197 0 P 0
L -0.0067213 3.9683445 -0.0055657 3.9685383 0 P 0
L -0.0074476 -0.0917847 -0.0058059 -0.0920609 0 P 0
L -0.0078705 3.9681507 -0.0067213 3.9683445 0 P 0
L -0.0090388 3.9679527 -0.0078705 3.9681507 0 P 0
L -0.0091809 -0.091491 -0.0074476 -0.0917847 0 P 0
L -0.0102259 3.9677506 -0.0090388 3.9679527 0 P 0
L -0.0110651 -0.0911693 -0.0091809 -0.091491 0 P 0
L -0.0114063 3.9675486 -0.0102259 3.9677506 0 P 0
L -0.012605 3.9673424 -0.0114063 3.9675486 0 P 0
L -0.013178 -0.0908055 -0.0110651 -0.0911693 0 P 0
L -0.0138216 3.967132 -0.012605 3.9673424 0 P 0
L -0.0139658 -0.090669 -0.013178 -0.0908055 0 P 0
L -0.0148718 -0.0905115 -0.0139658 -0.090669 0 P 0
L -0.0150559 3.9669174 -0.0138216 3.967132 0 P 0
L -0.0157947 -0.0903504 -0.0148718 -0.0905115 0 P 0
L -0.0163074 3.9666986 -0.0150559 3.9669174 0 P 0
L -0.0167343 -0.0901857 -0.0157947 -0.0903504 0 P 0
L -0.0175757 3.9664757 -0.0163074 3.9666986 0 P 0
L -0.0176904 -0.0900175 -0.0167343 -0.0901857 0 P 0
L -0.0186629 -0.0898456 -0.0176904 -0.0900175 0 P 0
L -0.0188606 3.9662486 -0.0175757 3.9664757 0 P 0
L -0.0196516 -0.0896701 -0.0186629 -0.0898456 0 P 0
L -0.0201618 3.9660173 -0.0188606 3.9662486 0 P 0
L -0.0206565 -0.089491 -0.0196516 -0.0896701 0 P 0
L -0.0214788 3.9657817 -0.0201618 3.9660173 0 P 0
L -0.0216968 -0.0893047 -0.0206565 -0.089491 0 P 0
L -0.0227529 -0.0891147 -0.0216968 -0.0893047 0 P 0
L -0.022835 3.9655378 -0.0214788 3.9657817 0 P 0
L -0.023844 -0.0889174 -0.0227529 -0.0891147 0 P 0
L -0.0242061 3.9652896 -0.022835 3.9655378 0 P 0
L -0.0248179 3.9651784 -0.0242061 3.9652896 0 P 0
L -0.0249697 -0.0887129 -0.023844 -0.0889174 0 P 0
L -0.0258491 3.9649902 -0.0248179 3.9651784 0 P 0
L -0.0261297 -0.088501 -0.0249697 -0.0887129 0 P 0
L -0.0268521 3.9648063 -0.0258491 3.9649902 0 P 0
L -0.0273237 -0.0882817 -0.0261297 -0.088501 0 P 0
L -0.0278503 3.9646224 -0.0268521 3.9648063 0 P 0
L -0.0285706 -0.0880515 -0.0273237 -0.0882817 0 P 0
L -0.0288668 3.9644343 -0.0278503 3.9646224 0 P 0
L -0.0298697 -0.0878102 -0.0285706 -0.0880515 0 P 0
L -0.0298785 3.9642463 -0.0288668 3.9644343 0 P 0
L -0.0308852 3.9640582 -0.0298785 3.9642463 0 P 0
L -0.0312395 -0.0875541 -0.0298697 -0.0878102 0 P 0
L -0.0319099 3.9638659 -0.0308852 3.9640582 0 P 0
L -0.0326982 -0.0872796 -0.0312395 -0.0875541 0 P 0
L -0.0328494 -0.0872511 -0.0326982 -0.0872796 0 P 0
L -0.0329295 3.9636736 -0.0319099 3.9638659 0 P 0
L -0.0337929 -0.0870724 -0.0328494 -0.0872511 0 P 0
L -0.0339441 3.9634813 -0.0329295 3.9636736 0 P 0
L -0.0347526 -0.0868899 -0.0337929 -0.0870724 0 P 0
L -0.0349763 3.9632848 -0.0339441 3.9634813 0 P 0
L -0.0357096 -0.086707 -0.0347526 -0.0868899 0 P 0
L -0.0360033 3.9630883 -0.0349763 3.9632848 0 P 0
L -0.0366827 -0.0865202 -0.0357096 -0.086707 0 P 0
L -0.0370474 3.9628875 -0.0360033 3.9630883 0 P 0
L -0.0376531 -0.0863331 -0.0366827 -0.0865202 0 P 0
L -0.0380862 3.9626866 -0.0370474 3.9628875 0 P 0
L -0.0386394 -0.086142 -0.0376531 -0.0863331 0 P 0
L -0.0391419 3.9624815 -0.0380862 3.9626866 0 P 0
L -0.0396229 -0.0859505 -0.0386394 -0.086142 0 P 0
L -0.0401921 3.9622764 -0.0391419 3.9624815 0 P 0
L -0.0406222 -0.085755 -0.0396229 -0.0859505 0 P 0
L -0.0412588 3.962067 -0.0401921 3.9622764 0 P 0
L -0.0416187 -0.0855591 -0.0406222 -0.085755 0 P 0
L -0.0423415 3.9618533 -0.0412588 3.962067 0 P 0
L -0.0426308 -0.0853591 -0.0416187 -0.0855591 0 P 0
L -0.0434186 3.9616395 -0.0423415 3.9618533 0 P 0
L -0.0436584 -0.085155 -0.0426308 -0.0853591 0 P 0
L -0.0445115 3.9614215 -0.0434186 3.9616395 0 P 0
L -0.044683 -0.0849505 -0.0436584 -0.085155 0 P 0
L -0.0456199 3.9611991 -0.0445115 3.9614215 0 P 0
L -0.045723 -0.0847418 -0.044683 -0.0849505 0 P 0
L -0.0467224 3.9609767 -0.0456199 3.9611991 0 P 0
L -0.0467782 -0.0845289 -0.045723 -0.0847418 0 P 0
L -0.0470815 3.9609039 -0.0467224 3.9609767 0 P 0
L -0.0478485 -0.0843118 -0.0467782 -0.0845289 0 P 0
L -0.0480712 3.9607028 -0.0470815 3.9609039 0 P 0
L -0.0489158 -0.0840942 -0.0478485 -0.0843118 0 P 0
L -0.0490353 3.9605059 -0.0480712 3.9607028 0 P 0
L -0.0499948 3.960309 -0.0490353 3.9605059 0 P 0
L -0.049998 -0.0838723 -0.0489158 -0.0840942 0 P 0
L -0.0509498 3.960112 -0.0499948 3.960309 0 P 0
L -0.051113 -0.0836423 -0.049998 -0.0838723 0 P 0
L -0.0516334 -0.0835345 -0.051113 -0.0836423 0 P 0
L -0.0519003 3.959915 -0.0509498 3.960112 0 P 0
L -0.0526542 -0.0833223 -0.0516334 -0.0835345 0 P 0
L -0.0528669 3.9597136 -0.0519003 3.959915 0 P 0
L -0.0536544 -0.0831132 -0.0526542 -0.0833223 0 P 0
L -0.0538289 3.9595122 -0.0528669 3.9597136 0 P 0
L -0.0546519 -0.0829036 -0.0536544 -0.0831132 0 P 0
L -0.0547862 3.9593107 -0.0538289 3.9595122 0 P 0
L -0.0556467 -0.0826934 -0.0546519 -0.0829036 0 P 0
L -0.055739 3.9591091 -0.0547862 3.9593107 0 P 0
L -0.056621 -0.0824865 -0.0556467 -0.0826934 0 P 0
L -0.0566872 3.9589075 -0.055739 3.9591091 0 P 0
L -0.0575927 -0.082279 -0.056621 -0.0824865 0 P 0
L -0.0576309 3.9587058 -0.0566872 3.9589075 0 P 0
L -0.0585617 -0.0820711 -0.0575927 -0.082279 0 P 0
L -0.05859 3.9584998 -0.0576309 3.9587058 0 P 0
L -0.0595105 -0.0818664 -0.0585617 -0.0820711 0 P 0
L -0.0595444 3.9582937 -0.05859 3.9584998 0 P 0
L -0.0604567 -0.0816612 -0.0595105 -0.0818664 0 P 0
L -0.0604942 3.9580875 -0.0595444 3.9582937 0 P 0
L -0.0614002 -0.0814556 -0.0604567 -0.0816612 0 P 0
L -0.0614393 3.9578813 -0.0604942 3.9580875 0 P 0
L -0.0623238 -0.0812532 -0.0614002 -0.0814556 0 P 0
L -0.0623799 3.9576749 -0.0614393 3.9578813 0 P 0
L -0.0632448 -0.0810504 -0.0623238 -0.0812532 0 P 0
L -0.0633353 3.9574642 -0.0623799 3.9576749 0 P 0
L -0.0641632 -0.0808471 -0.0632448 -0.0810504 0 P 0
L -0.064286 3.9572535 -0.0633353 3.9574642 0 P 0
L -0.0650618 -0.0806472 -0.0641632 -0.0808471 0 P 0
L -0.065232 3.9570426 -0.064286 3.9572535 0 P 0
L -0.0659579 -0.0804468 -0.0650618 -0.0806472 0 P 0
L -0.0661733 3.9568317 -0.065232 3.9570426 0 P 0
L -0.0668516 -0.080246 -0.0659579 -0.0804468 0 P 0
L -0.06711 3.9566206 -0.0661733 3.9568317 0 P 0
L -0.0671481 3.956612 -0.06711 3.9566206 0 P 0
L -0.0677427 -0.0800447 -0.0668516 -0.080246 0 P 0
L -0.0681178 3.9563923 -0.0671481 3.956612 0 P 0
L -0.0686312 -0.079843 -0.0677427 -0.0800447 0 P 0
L -0.0690449 3.9561811 -0.0681178 3.9563923 0 P 0
L -0.0690916 -0.079738 -0.0686312 -0.079843 0 P 0
L -0.0699673 3.9559698 -0.0690449 3.9561811 0 P 0
L -0.0700782 -0.0795122 -0.0690916 -0.079738 0 P 0
L -0.0708851 3.9557585 -0.0699673 3.9559698 0 P 0
L -0.0710447 -0.0792897 -0.0700782 -0.0795122 0 P 0
L -0.0717983 3.955547 -0.0708851 3.9557585 0 P 0
L -0.0719911 -0.0790706 -0.0710447 -0.0792897 0 P 0
L -0.072707 3.9553355 -0.0717983 3.955547 0 P 0
L -0.0729007 -0.0788589 -0.0719911 -0.0790706 0 P 0
L -0.0736111 3.955124 -0.072707 3.9553355 0 P 0
L -0.0737906 -0.0786507 -0.0729007 -0.0788589 0 P 0
L -0.0745106 3.9549123 -0.0736111 3.955124 0 P 0
L -0.0746609 -0.078446 -0.0737906 -0.0786507 0 P 0
L -0.0754057 3.9547006 -0.0745106 3.9549123 0 P 0
L -0.0755118 -0.0782448 -0.0746609 -0.078446 0 P 0
L -0.0762961 3.9544888 -0.0754057 3.9547006 0 P 0
L -0.0763433 -0.0780472 -0.0755118 -0.0782448 0 P 0
L -0.0771555 -0.0778532 -0.0763433 -0.0780472 0 P 0
L -0.0771641 3.9542813 -0.0762961 3.9544888 0 P 0
L -0.0779487 -0.0776629 -0.0771555 -0.0778532 0 P 0
L -0.0780277 3.9540737 -0.0771641 3.9542813 0 P 0
L -0.0787393 -0.0774722 -0.0779487 -0.0776629 0 P 0
L -0.078887 3.9538661 -0.0780277 3.9540737 0 P 0
L -0.0795109 -0.0772852 -0.0787393 -0.0774722 0 P 0
L -0.0797419 3.9536584 -0.078887 3.9538661 0 P 0
L -0.0802637 -0.077102 -0.0795109 -0.0772852 0 P 0
L -0.0805926 3.9534507 -0.0797419 3.9536584 0 P 0
L -0.0809978 -0.0769224 -0.0802637 -0.077102 0 P 0
L -0.081439 3.9532429 -0.0805926 3.9534507 0 P 0
L -0.0817296 -0.0767426 -0.0809978 -0.0769224 0 P 0
L -0.0822812 3.9530351 -0.081439 3.9532429 0 P 0
L -0.0824428 -0.0765665 -0.0817296 -0.0767426 0 P 0
L -0.083119 3.9528272 -0.0822812 3.9530351 0 P 0
L -0.0831376 -0.0763942 -0.0824428 -0.0765665 0 P 0
L -0.0838302 -0.0762217 -0.0831376 -0.0763942 0 P 0
L -0.0839527 3.9526193 -0.083119 3.9528272 0 P 0
L -0.0845045 -0.0760531 -0.0838302 -0.0762217 0 P 0
L -0.084782 3.9524113 -0.0839527 3.9526193 0 P 0
L -0.0851767 -0.0758842 -0.0845045 -0.0760531 0 P 0
L -0.0852639 3.95229 -0.084782 3.9524113 0 P 0
L -0.0863087 3.9520256 -0.0852639 3.95229 0 P 0
L -0.0866414 -0.0755136 -0.0851767 -0.0758842 0 P 0
L -0.0873127 3.9517698 -0.0863087 3.9520256 0 P 0
L -0.0883104 3.951514 -0.0873127 3.9517698 0 P 0
L -0.0884096 -0.0750614 -0.0866414 -0.0755136 0 P 0
L -0.0893017 3.9512582 -0.0883104 3.951514 0 P 0
L -0.0898649 -0.0746854 -0.0884096 -0.0750614 0 P 0
L -0.0902867 3.9510024 -0.0893017 3.9512582 0 P 0
L -0.0911224 -0.0743576 -0.0898649 -0.0746854 0 P 0
L -0.0912655 3.9507465 -0.0902867 3.9510024 0 P 0
L -0.092232 -0.074066 -0.0911224 -0.0743576 0 P 0
L -0.0922379 3.9504906 -0.0912655 3.9507465 0 P 0
L -0.0931878 3.9502391 -0.0922379 3.9504906 0 P 0
L -0.0932421 -0.0737988 -0.092232 -0.074066 0 P 0
L -0.0941316 3.9499876 -0.0931878 3.9502391 0 P 0
L -0.0941696 -0.0735518 -0.0932421 -0.0737988 0 P 0
L -0.0950309 -0.0733211 -0.0941696 -0.0735518 0 P 0
L -0.0950694 3.9497361 -0.0941316 3.9499876 0 P 0
L -0.0958419 -0.0731026 -0.0950309 -0.0733211 0 P 0
L -0.0960012 3.9494846 -0.0950694 3.9497361 0 P 0
L -0.0966033 -0.0728964 -0.0958419 -0.0731026 0 P 0
L -0.096927 3.9492332 -0.0960012 3.9494846 0 P 0
L -0.0973158 -0.0727025 -0.0966033 -0.0728964 0 P 0
L -0.0978468 3.9489818 -0.096927 3.9492332 0 P 0
L -0.0979948 -0.0725168 -0.0973158 -0.0727025 0 P 0
L -0.0986408 -0.0723393 -0.0979948 -0.0725168 0 P 0
L -0.0987449 3.9487348 -0.0978468 3.9489818 0 P 0
L -0.0992541 -0.0721701 -0.0986408 -0.0723393 0 P 0
L -0.0996373 3.9484879 -0.0987449 3.9487348 0 P 0
L -0.0998497 -0.0720051 -0.0992541 -0.0721701 0 P 0
L -0.1004278 -0.0718443 -0.0998497 -0.0720051 0 P 0
L -0.100524 3.948241 -0.0996373 3.9484879 0 P 0
L -0.1009167 -0.0717078 -0.1004278 -0.0718443 0 P 0
L -0.101405 3.9479942 -0.100524 3.948241 0 P 0
L -0.1015435 3.9479553 -0.101405 3.9479942 0 P 0
L -0.102372 3.9477216 -0.1015435 3.9479553 0 P 0
L -0.1024976 -0.0712631 -0.1009167 -0.0717078 0 P 0
L -0.1031802 3.9474923 -0.102372 3.9477216 0 P 0
L -0.1039013 -0.070864 -0.1024976 -0.0712631 0 P 0
L -0.1039835 3.9472631 -0.1031802 3.9474923 0 P 0
L -0.1047819 3.9470339 -0.1039835 3.9472631 0 P 0
L -0.1051753 -0.0704984 -0.1039013 -0.070864 0 P 0
L -0.1055605 3.9468092 -0.1047819 3.9470339 0 P 0
L -0.1063344 3.9465846 -0.1055605 3.9468092 0 P 0
L -0.1063373 -0.070162 -0.1051753 -0.0704984 0 P 0
L -0.1071036 3.9463601 -0.1063344 3.9465846 0 P 0
L -0.1074042 -0.0698507 -0.1063373 -0.070162 0 P 0
L -0.1078681 3.9461358 -0.1071036 3.9463601 0 P 0
L -0.108392 -0.0695603 -0.1074042 -0.0698507 0 P 0
L -0.1086134 3.9459158 -0.1078681 3.9461358 0 P 0
L -0.109316 -0.0692868 -0.108392 -0.0695603 0 P 0
L -0.1093542 3.945696 -0.1086134 3.9459158 0 P 0
L -0.1100906 3.9454763 -0.1093542 3.945696 0 P 0
L -0.1101778 -0.0690301 -0.109316 -0.0692868 0 P 0
L -0.1108225 3.9452567 -0.1100906 3.9454763 0 P 0
L -0.1109918 -0.0687861 -0.1101778 -0.0690301 0 P 0
L -0.11155 3.9450372 -0.1108225 3.9452567 0 P 0
L -0.1117592 -0.0685548 -0.1109918 -0.0687861 0 P 0
L -0.1122588 3.9448222 -0.11155 3.9450372 0 P 0
L -0.1124811 -0.068336 -0.1117592 -0.0685548 0 P 0
L -0.1129635 3.9446074 -0.1122588 3.9448222 0 P 0
L -0.113171 -0.0681257 -0.1124811 -0.068336 0 P 0
L -0.1136638 3.9443927 -0.1129635 3.9446074 0 P 0
L -0.1138419 -0.0679203 -0.113171 -0.0681257 0 P 0
L -0.1140641 -0.067852 -0.1138419 -0.0679203 0 P 0
L -0.1143599 3.9441781 -0.1136638 3.9443927 0 P 0
L -0.1145187 -0.067712 -0.1140641 -0.067852 0 P 0
L -0.1149825 -0.0675686 -0.1145187 -0.067712 0 P 0
L -0.1150518 3.9439637 -0.1143599 3.9441781 0 P 0
L -0.1154553 -0.0674219 -0.1149825 -0.0675686 0 P 0
L -0.1157258 3.9437538 -0.1150518 3.9439637 0 P 0
L -0.1159369 -0.0672719 -0.1154553 -0.0674219 0 P 0
L -0.1160681 3.9436467 -0.1157258 3.9437538 0 P 0
L -0.1164391 -0.0671149 -0.1159369 -0.0672719 0 P 0
L -0.1166951 3.9434498 -0.1160681 3.9436467 0 P 0
L -0.1169495 -0.0669548 -0.1164391 -0.0671149 0 P 0
L -0.1173051 3.9432574 -0.1166951 3.9434498 0 P 0
L -0.1174798 -0.0667877 -0.1169495 -0.0669548 0 P 0
L -0.1179117 3.943065 -0.1173051 3.9432574 0 P 0
L -0.1180294 -0.0666137 -0.1174798 -0.0667877 0 P 0
L -0.1185284 3.9428686 -0.1179117 3.943065 0 P 0
L -0.1186094 -0.0664293 -0.1180294 -0.0666137 0 P 0
L -0.1191416 3.9426722 -0.1185284 3.9428686 0 P 0
L -0.1192192 -0.0662346 -0.1186094 -0.0664293 0 P 0
L -0.1197513 3.942476 -0.1191416 3.9426722 0 P 0
L -0.1198693 -0.0660258 -0.1192192 -0.0662346 0 P 0
L -0.1203708 3.9422757 -0.1197513 3.942476 0 P 0
L -0.1205699 -0.0657997 -0.1198693 -0.0660258 0 P 0
L -0.1209867 3.9420755 -0.1203708 3.9422757 0 P 0
L -0.1213418 -0.065549 -0.1205699 -0.0657997 0 P 0
L -0.1215991 3.9418754 -0.1209867 3.9420755 0 P 0
L -0.1222209 3.9416713 -0.1215991 3.9418754 0 P 0
L -0.1222378 -0.065256 -0.1213418 -0.065549 0 P 0
L -0.122839 3.9414672 -0.1222209 3.9416713 0 P 0
L -0.1233512 -0.0648888 -0.1222378 -0.065256 0 P 0
L -0.1234664 3.941259 -0.122839 3.9414672 0 P 0
L -0.12409 3.941051 -0.1234664 3.941259 0 P 0
L -0.12471 3.940843 -0.12409 3.941051 0 P 0
L -0.1252465 -0.064256 -0.1233512 -0.0648888 0 P 0
L -0.1253388 3.940631 -0.12471 3.940843 0 P 0
L -0.1254473 -0.0641883 -0.1252465 -0.064256 0 P 0
L -0.1258475 -0.0640532 -0.1254473 -0.0641883 0 P 0
L -0.1259763 3.9404149 -0.1253388 3.940631 0 P 0
L -0.1262562 -0.0639147 -0.1258475 -0.0640532 0 P 0
L -0.12661 3.9401988 -0.1259763 3.9404149 0 P 0
L -0.1266733 -0.0637729 -0.1262562 -0.0639147 0 P 0
L -0.1270987 -0.0636278 -0.1266733 -0.0637729 0 P 0
L -0.127252 3.9399787 -0.12661 3.9401988 0 P 0
L -0.1275322 -0.0634793 -0.1270987 -0.0636278 0 P 0
L -0.1278901 3.9397587 -0.127252 3.9399787 0 P 0
L -0.1279737 -0.0633275 -0.1275322 -0.0634793 0 P 0
L -0.1284232 -0.0631723 -0.1279737 -0.0633275 0 P 0
L -0.1285364 3.9395346 -0.1278901 3.9397587 0 P 0
L -0.1288906 -0.0630104 -0.1284232 -0.0631723 0 P 0
L -0.1289368 3.9393951 -0.1285364 3.9395346 0 P 0
L -0.1293717 3.939243 -0.1289368 3.9393951 0 P 0
L -0.1293757 -0.0628416 -0.1288906 -0.0630104 0 P 0
L -0.1298048 3.939091 -0.1293717 3.939243 0 P 0
L -0.1298782 -0.0626659 -0.1293757 -0.0628416 0 P 0
L -0.1302361 3.938939 -0.1298048 3.939091 0 P 0
L -0.1303977 -0.0624835 -0.1298782 -0.0626659 0 P 0
L -0.1306656 3.938787 -0.1302361 3.938939 0 P 0
L -0.130944 -0.0622907 -0.1303977 -0.0624835 0 P 0
L -0.1310932 3.9386351 -0.1306656 3.938787 0 P 0
L -0.1315166 -0.0620877 -0.130944 -0.0622907 0 P 0
L -0.1315308 3.938479 -0.1310932 3.9386351 0 P 0
L -0.1319666 3.938323 -0.1315308 3.938479 0 P 0
L -0.1321248 -0.0618708 -0.1315166 -0.0620877 0 P 0
L -0.1324005 3.9381669 -0.1319666 3.938323 0 P 0
L -0.1327777 -0.0616366 -0.1321248 -0.0618708 0 P 0
L -0.1328441 3.9380067 -0.1324005 3.9381669 0 P 0
L -0.1332858 3.9378466 -0.1328441 3.9380067 0 P 0
L -0.1334938 -0.0613781 -0.1327777 -0.0616366 0 P 0
L -0.1337256 3.9376864 -0.1332858 3.9378466 0 P 0
L -0.134175 3.937522 -0.1337256 3.9376864 0 P 0
L -0.1342908 -0.0610884 -0.1334938 -0.0613781 0 P 0
L -0.1346223 3.9373577 -0.134175 3.937522 0 P 0
L -0.1350677 3.9371933 -0.1346223 3.9373577 0 P 0
L -0.1352335 -0.0607429 -0.1342908 -0.0610884 0 P 0
L -0.1352999 -0.0607185 -0.1352335 -0.0607429 0 P 0
L -0.1355224 3.9370248 -0.1350677 3.9371933 0 P 0
L -0.1355459 -0.0606277 -0.1352999 -0.0607185 0 P 0
L -0.1357914 -0.060537 -0.1355459 -0.0606277 0 P 0
L -0.1359751 3.9368562 -0.1355224 3.9370248 0 P 0
L -0.1360458 -0.0604427 -0.1357914 -0.060537 0 P 0
L -0.1362996 -0.0603484 -0.1360458 -0.0604427 0 P 0
L -0.136437 3.9366835 -0.1359751 3.9368562 0 P 0
L -0.1365622 -0.0602506 -0.1362996 -0.0603484 0 P 0
L -0.1368336 -0.0601493 -0.1365622 -0.0602506 0 P 0
L -0.1368968 3.9365107 -0.136437 3.9366835 0 P 0
L -0.1371137 -0.0600444 -0.1368336 -0.0601493 0 P 0
L -0.1373544 3.9363379 -0.1368968 3.9365107 0 P 0
L -0.1373932 -0.0599395 -0.1371137 -0.0600444 0 P 0
L -0.1376813 -0.059831 -0.1373932 -0.0599395 0 P 0
L -0.1378211 3.9361608 -0.1373544 3.9363379 0 P 0
L -0.1379781 -0.0597189 -0.1376813 -0.059831 0 P 0
L -0.1382834 -0.0596032 -0.1379781 -0.0597189 0 P 0
L -0.1382856 3.9359837 -0.1378211 3.9361608 0 P 0
L -0.1385973 -0.0594839 -0.1382834 -0.0596032 0 P 0
L -0.1387589 3.9358024 -0.1382856 3.9359837 0 P 0
L -0.1389289 -0.0593574 -0.1385973 -0.0594839 0 P 0
L -0.1392409 3.9356168 -0.1387589 3.9358024 0 P 0
L -0.1392689 -0.0592273 -0.1389289 -0.0593574 0 P 0
L -0.1396266 -0.0590899 -0.1392689 -0.0592273 0 P 0
L -0.1397206 3.9354312 -0.1392409 3.9356168 0 P 0
L -0.1400016 -0.0589453 -0.1396266 -0.0590899 0 P 0
L -0.1402088 3.9352413 -0.1397206 3.9354312 0 P 0
L -0.140371 3.9351779 -0.1402088 3.9352413 0 P 0
L -0.1403941 -0.0587932 -0.1400016 -0.0589453 0 P 0
L -0.1408131 -0.0586303 -0.1403941 -0.0587932 0 P 0
L -0.1408776 3.9349795 -0.140371 3.9351779 0 P 0
L -0.1412583 -0.0584563 -0.1408131 -0.0586303 0 P 0
L -0.141371 3.9347852 -0.1408776 3.9349795 0 P 0
L -0.1417388 -0.0582675 -0.1412583 -0.0584563 0 P 0
L -0.1418725 3.9345865 -0.141371 3.9347852 0 P 0
L -0.1422634 -0.0580603 -0.1417388 -0.0582675 0 P 0
L -0.1423716 3.9343878 -0.1418725 3.9345865 0 P 0
L -0.14285 -0.0578271 -0.1422634 -0.0580603 0 P 0
L -0.1428787 3.9341847 -0.1423716 3.9343878 0 P 0
L -0.1433937 3.9339773 -0.1428787 3.9341847 0 P 0
L -0.1435344 -0.0575531 -0.14285 -0.0578271 0 P 0
L -0.1439166 3.9337655 -0.1433937 3.9339773 0 P 0
L -0.144406 -0.057201 -0.1435344 -0.0575531 0 P 0
L -0.1444367 3.9335536 -0.1439166 3.9337655 0 P 0
L -0.1446213 -0.0571135 -0.144406 -0.057201 0 P 0
L -0.1449644 3.9333372 -0.1444367 3.9335536 0 P 0
L -0.14498 -0.0569672 -0.1446213 -0.0571135 0 P 0
L -0.1453474 -0.0568168 -0.14498 -0.0569672 0 P 0
L -0.1454997 3.9331165 -0.1449644 3.9333372 0 P 0
L -0.1457145 -0.0566658 -0.1453474 -0.0568168 0 P 0
L -0.1460423 3.9328913 -0.1454997 3.9331165 0 P 0
L -0.1460813 -0.0565143 -0.1457145 -0.0566658 0 P 0
L -0.1464568 -0.0563586 -0.1460813 -0.0565143 0 P 0
L -0.1465921 3.9326617 -0.1460423 3.9328913 0 P 0
L -0.1468319 -0.0562023 -0.1464568 -0.0563586 0 P 0
L -0.147149 3.9324276 -0.1465921 3.9326617 0 P 0
L -0.1472067 -0.0560454 -0.1468319 -0.0562023 0 P 0
L -0.14759 -0.0558842 -0.1472067 -0.0560454 0 P 0
L -0.147723 3.9321847 -0.147149 3.9324276 0 P 0
L -0.1479731 -0.0557224 -0.14759 -0.0558842 0 P 0
L -0.1483037 3.9319374 -0.147723 3.9321847 0 P 0
L -0.1483647 -0.0555562 -0.1479731 -0.0557224 0 P 0
L -0.1487559 -0.0553893 -0.1483647 -0.0555562 0 P 0
L -0.1489009 3.9316811 -0.1483037 3.9319374 0 P 0
L -0.1491467 -0.0552218 -0.1487559 -0.0553893 0 P 0
L -0.1495045 3.9314203 -0.1489009 3.9316811 0 P 0
L -0.149546 -0.0550498 -0.1491467 -0.0552218 0 P 0
L -0.149945 -0.0548771 -0.149546 -0.0550498 0 P 0
L -0.1501241 3.9311506 -0.1495045 3.9314203 0 P 0
L -0.1503524 -0.0546999 -0.149945 -0.0548771 0 P 0
L -0.1506327 3.9309277 -0.1501241 3.9311506 0 P 0
L -0.1507593 -0.0545218 -0.1503524 -0.0546999 0 P 0
L -0.15109 3.9307261 -0.1506327 3.9309277 0 P 0
L -0.1511747 -0.0543392 -0.1507593 -0.0545218 0 P 0
L -0.1515405 3.9305264 -0.15109 3.9307261 0 P 0
L -0.1515896 -0.0541557 -0.1511747 -0.0543392 0 P 0
L -0.151989 3.9303264 -0.1515405 3.9305264 0 P 0
L -0.1520041 -0.0539715 -0.1515896 -0.0541557 0 P 0
L -0.1524269 -0.0537825 -0.1520041 -0.0539715 0 P 0
L -0.1524355 3.9301263 -0.151989 3.9303264 0 P 0
L -0.1528493 -0.0535926 -0.1524269 -0.0537825 0 P 0
L -0.15288 3.9299259 -0.1524355 3.9301263 0 P 0
L -0.1532887 -0.0533939 -0.1528493 -0.0535926 0 P 0
L -0.1533224 3.9297253 -0.15288 3.9299259 0 P 0
L -0.1533396 -0.0533709 -0.1532887 -0.0533939 0 P 0
L -0.1537629 3.9295245 -0.1533224 3.9297253 0 P 0
L -0.1540248 -0.0530585 -0.1533396 -0.0533709 0 P 0
L -0.1542014 3.9293235 -0.1537629 3.9295245 0 P 0
L -0.1546379 3.9291222 -0.1542014 3.9293235 0 P 0
L -0.1546822 -0.052756 -0.1540248 -0.0530585 0 P 0
L -0.1550725 3.9289207 -0.1546379 3.9291222 0 P 0
L -0.155318 -0.0524609 -0.1546822 -0.052756 0 P 0
L -0.1553442 3.9287942 -0.1550725 3.9289207 0 P 0
L -0.2007874 0.0189049 -0.2007874 3.8574407 0 P 0
L 0.000001 -0.0930229 0.0013094 -0.0932365 0 P 0
L 0.0000971 3.9694752 0.0004148 3.9695271 0 P 0
L 0.0004148 3.9695271 0.0018232 3.9697564 0 P 0
L 0.0013094 -0.0932365 0.0025823 -0.0934432 0 P 0
L 0.0018232 3.9697564 0.003241 3.969986 0 P 0
L 0.0025823 -0.0934432 0.003819 -0.0936431 0 P 0
L 0.003241 3.969986 0.004668 3.9702157 0 P 0
L 0.003819 -0.0936431 0.0050409 -0.0938395 0 P 0
L 0.004668 3.9702157 0.0061315 3.97045 0 P 0
L 0.0050409 -0.0938395 0.0062256 -0.094029 0 P 0
L 0.0061315 3.97045 0.0076047 3.9706844 0 P 0
L 0.0062256 -0.094029 0.0073947 -0.0942152 0 P 0
L 0.0073947 -0.0942152 0.0079705 -0.0943066 0 P 0
L 0.0076047 3.9706844 0.0090877 3.970919 0 P 0
L 0.0079705 -0.0943066 0.0092829 -0.0945141 0 P 0
L 0.0090877 3.970919 0.0105804 3.9711538 0 P 0
L 0.0092829 -0.0945141 0.0106032 -0.0947217 0 P 0
L 0.0105804 3.9711538 0.0121107 3.9713931 0 P 0
L 0.0106032 -0.0947217 0.011954 -0.0949331 0 P 0
L 0.011954 -0.0949331 0.0133356 -0.0951481 0 P 0
L 0.0121107 3.9713931 0.0136512 3.9716325 0 P 0
L 0.0133356 -0.0951481 0.0147485 -0.0953668 0 P 0
L 0.0136512 3.9716325 0.0152019 3.971872 0 P 0
L 0.0147485 -0.0953668 0.0161931 -0.0955892 0 P 0
L 0.0152019 3.971872 0.0167628 3.9721117 0 P 0
L 0.0161931 -0.0955892 0.0176697 -0.0958153 0 P 0
L 0.0167628 3.9721117 0.0183339 3.9723515 0 P 0
L 0.0176697 -0.0958153 0.0191787 -0.096045 0 P 0
L 0.0183339 3.9723515 0.0199441 3.9725957 0 P 0
L 0.0191787 -0.096045 0.0207207 -0.0962783 0 P 0
L 0.0199441 3.9725957 0.0215649 3.9728401 0 P 0
L 0.0207207 -0.0962783 0.0222959 -0.0965153 0 P 0
L 0.0215649 3.9728401 0.0231965 3.9730845 0 P 0
L 0.0222959 -0.0965153 0.0239048 -0.0967559 0 P 0
L 0.0231965 3.9730845 0.0248387 3.973329 0 P 0
L 0.0239048 -0.0967559 0.0255717 -0.0970037 0 P 0
L 0.0248387 3.973329 0.0264916 3.9735736 0 P 0
L 0.0255717 -0.0970037 0.0272735 -0.0972551 0 P 0
L 0.0264916 3.9735736 0.0282149 3.973827 0 P 0
L 0.0272735 -0.0972551 0.0290106 -0.09751 0 P 0
L 0.0282149 3.973827 0.0283044 3.9738401 0 P 0
L 0.0283044 3.9738401 0.0294101 3.9740018 0 P 0
L 0.0290106 -0.09751 0.0307834 -0.0977685 0 P 0
L 0.0294101 3.9740018 0.0305506 3.9741679 0 P 0
L 0.0305506 3.9741679 0.031696 3.9743339 0 P 0
L 0.0307834 -0.0977685 0.0312712 -0.0978394 0 P 0
L 0.0312712 -0.0978394 0.0325679 -0.098027 0 P 0
L 0.031696 3.9743339 0.0328767 3.9745044 0 P 0
L 0.0325679 -0.098027 0.0338708 -0.0982147 0 P 0
L 0.0328767 3.9745044 0.0340929 3.9746792 0 P 0
L 0.0338708 -0.0982147 0.0352045 -0.0984059 0 P 0
L 0.0340929 3.9746792 0.0353144 3.974854 0 P 0
L 0.0352045 -0.0984059 0.0365694 -0.0986006 0 P 0
L 0.0353144 3.974854 0.036572 3.9750332 0 P 0
L 0.0365694 -0.0986006 0.0379409 -0.0987953 0 P 0
L 0.036572 3.9750332 0.037866 3.9752167 0 P 0
L 0.037866 3.9752167 0.0391657 3.9754001 0 P 0
L 0.0379409 -0.0987953 0.0393439 -0.0989935 0 P 0
L 0.0391657 3.9754001 0.0405024 3.9755879 0 P 0
L 0.0393439 -0.0989935 0.0407789 -0.0991952 0 P 0
L 0.0405024 3.9755879 0.0418763 3.97578 0 P 0
L 0.0407789 -0.0991952 0.0422462 -0.0994004 0 P 0
L 0.0418763 3.97578 0.0432879 3.9759765 0 P 0
L 0.0422462 -0.0994004 0.0437206 -0.0996055 0 P 0
L 0.0432879 3.9759765 0.0447375 3.9761772 0 P 0
L 0.0437206 -0.0996055 0.0452278 -0.099814 0 P 0
L 0.0447375 3.9761772 0.0462255 3.9763821 0 P 0
L 0.0452278 -0.099814 0.046768 -0.100026 0 P 0
L 0.0462255 3.9763821 0.0477523 3.9765914 0 P 0
L 0.046768 -0.100026 0.0483416 -0.1002415 0 P 0
L 0.0477523 3.9765914 0.0493184 3.9768048 0 P 0
L 0.0483416 -0.1002415 0.049949 -0.1004603 0 P 0
L 0.0493184 3.9768048 0.050924 3.9770225 0 P 0
L 0.049949 -0.1004603 0.0515906 -0.1006826 0 P 0
L 0.050924 3.9770225 0.0525696 3.9772444 0 P 0
L 0.0515906 -0.1006826 0.0532666 -0.1009083 0 P 0
L 0.0525696 3.9772444 0.0542557 3.9774704 0 P 0
L 0.0532666 -0.1009083 0.0549775 -0.1011373 0 P 0
L 0.0542557 3.9774704 0.0559825 3.9777006 0 P 0
L 0.0549775 -0.1011373 0.0567235 -0.1013696 0 P 0
L 0.0559825 3.9777006 0.0577833 3.9779392 0 P 0
L 0.0567235 -0.1013696 0.0567501 -0.1013732 0 P 0
L 0.0567501 -0.1013732 0.0579458 -0.1015315 0 P 0
L 0.0577833 3.9779392 0.0596591 3.9781862 0 P 0
L 0.0579458 -0.1015315 0.0591455 -0.1016897 0 P 0
L 0.0591455 -0.1016897 0.0604029 -0.1018549 0 P 0
L 0.0596591 3.9781862 0.0602204 3.9782599 0 P 0
L 0.0602204 3.9782599 0.0615775 3.9784373 0 P 0
L 0.0604029 -0.1018549 0.0616915 -0.1020234 0 P 0
L 0.0615775 3.9784373 0.0629395 3.9786146 0 P 0
L 0.0616915 -0.1020234 0.0630115 -0.1021953 0 P 0
L 0.0629395 3.9786146 0.0643398 3.978796 0 P 0
L 0.0630115 -0.1021953 0.0643901 -0.1023741 0 P 0
L 0.0643398 3.978796 0.0657451 3.9789773 0 P 0
L 0.0643901 -0.1023741 0.0658007 -0.1025561 0 P 0
L 0.0657451 3.9789773 0.067189 3.9791627 0 P 0
L 0.0658007 -0.1025561 0.0672707 -0.102745 0 P 0
L 0.067189 3.9791627 0.0686382 3.9793479 0 P 0
L 0.0672707 -0.102745 0.0688005 -0.1029406 0 P 0
L 0.0686382 3.9793479 0.0701265 3.9795372 0 P 0
L 0.0688005 -0.1029406 0.0703907 -0.1031429 0 P 0
L 0.0701265 3.9795372 0.0716202 3.9797262 0 P 0
L 0.0703907 -0.1031429 0.0720417 -0.1033519 0 P 0
L 0.0716202 3.9797262 0.0731533 3.9799194 0 P 0
L 0.0720417 -0.1033519 0.0737815 -0.1035709 0 P 0
L 0.0731533 3.9799194 0.0747263 3.9801166 0 P 0
L 0.0737815 -0.1035709 0.075611 -0.1038 0 P 0
L 0.0747263 3.9801166 0.0763051 3.9803135 0 P 0
L 0.075611 -0.1038 0.0775586 -0.1040424 0 P 0
L 0.0763051 3.9803135 0.0779241 3.9805145 0 P 0
L 0.0775586 -0.1040424 0.0796255 -0.104298 0 P 0
L 0.0779241 3.9805145 0.0795838 3.9807195 0 P 0
L 0.0795838 3.9807195 0.0812495 3.9809241 0 P 0
L 0.0796255 -0.104298 0.0818126 -0.1045667 0 P 0
L 0.0812495 3.9809241 0.0829563 3.9811328 0 P 0
L 0.0818126 -0.1045667 0.0841774 -0.1048552 0 P 0
L 0.0829563 3.9811328 0.0847044 3.9813453 0 P 0
L 0.0841774 -0.1048552 0.0856742 -0.1050368 0 P 0
L 0.0847044 3.9813453 0.0864943 3.9815618 0 P 0
L 0.0856742 -0.1050368 0.0871747 -0.1052179 0 P 0
L 0.0864943 3.9815618 0.0883261 3.9817821 0 P 0
L 0.0871747 -0.1052179 0.0887354 -0.1054055 0 P 0
L 0.0883261 3.9817821 0.0902003 3.9820063 0 P 0
L 0.0887354 -0.1054055 0.0903567 -0.1055994 0 P 0
L 0.0902003 3.9820063 0.0920816 3.98223 0 P 0
L 0.0903567 -0.1055994 0.0920387 -0.1057995 0 P 0
L 0.0920387 -0.1057995 0.0938104 -0.1060092 0 P 0
L 0.0920816 3.98223 0.0940414 3.9824618 0 P 0
L 0.0938104 -0.1060092 0.0956721 -0.1062284 0 P 0
L 0.0940414 3.9824618 0.0941052 3.9824693 0 P 0
L 0.0941052 3.9824693 0.0955992 3.982645 0 P 0
L 0.0955992 3.982645 0.0971231 3.9828235 0 P 0
L 0.0956721 -0.1062284 0.0976241 -0.106457 0 P 0
L 0.0971231 3.9828235 0.0986772 3.9830046 0 P 0
L 0.0976241 -0.106457 0.0996669 -0.1066948 0 P 0
L 0.0986772 3.9830046 0.1002615 3.9831885 0 P 0
L 0.0996669 -0.1066948 0.1018585 -0.1069482 0 P 0
L 0.1002615 3.9831885 0.1018763 3.983375 0 P 0
L 0.1018585 -0.1069482 0.1041993 -0.1072172 0 P 0
L 0.1018763 3.983375 0.1035216 3.9835642 0 P 0
L 0.1035216 3.9835642 0.1052108 3.9837574 0 P 0
L 0.1041993 -0.1072172 0.106748 -0.107508 0 P 0
L 0.1052108 3.9837574 0.1069439 3.9839548 0 P 0
L 0.106748 -0.107508 0.1095344 -0.1078234 0 P 0
L 0.1095344 -0.1078234 0.1126755 -0.1081759 0 P 0
L 0.1126755 -0.1081759 0.1129085 -0.108202 0 P 0
L 0.1129085 -0.108202 0.114161 -0.1083415 0 P 0
L 0.114161 -0.1083415 0.1154143 -0.1084807 0 P 0
L 0.1154143 -0.1084807 0.1166975 -0.1086227 0 P 0
L 0.1166975 -0.1086227 0.1180104 -0.1087674 0 P 0
L 0.1180104 -0.1087674 0.1193823 -0.1089181 0 P 0
L 0.1193823 -0.1089181 0.120813 -0.1090746 0 P 0
L 0.120813 -0.1090746 0.1222731 -0.1092337 0 P 0
L 0.1222731 -0.1092337 0.1237917 -0.1093984 0 P 0
L 0.1237917 -0.1093984 0.1253979 -0.109572 0 P 0
L 0.1253979 -0.109572 0.1270912 -0.1097541 0 P 0
L 0.1270912 -0.1097541 0.1288714 -0.1099446 0 P 0
L 0.1288714 -0.1099446 0.1307672 -0.1101465 0 P 0
L 0.1307672 -0.1101465 0.1328069 -0.1103627 0 P 0
L 0.1328069 -0.1103627 0.1350188 -0.1105957 0 P 0
L 0.1350188 -0.1105957 0.1374885 -0.1108542 0 P 0
L 0.1374885 -0.1108542 0.1403006 -0.1111466 0 P 0
L 0.1403006 -0.1111466 0.142036 -0.1113259 0 P 0
L 0.142036 -0.1113259 0.1443172 -0.1115604 0 P 0
L 0.1443172 -0.1115604 0.1464492 -0.1117782 0 P 0
L 0.1464492 -0.1117782 0.148457 -0.1119823 0 P 0
L 0.148457 -0.1119823 0.1503416 -0.1121729 0 P 0
L 0.1503416 -0.1121729 0.1521514 -0.112355 0 P 0
L 0.1521514 -0.112355 0.1538631 -0.1125265 0 P 0
L 0.1538631 -0.1125265 0.1555009 -0.1126899 0 P 0
L 0.1555009 -0.1126899 0.157089 -0.1128477 0 P 0
L 0.157089 -0.1128477 0.158604 -0.1129976 0 P 0
L 0.158604 -0.1129976 0.1600698 -0.1131421 0 P 0
L 0.1600698 -0.1131421 0.1614868 -0.1132813 0 P 0
L 0.1614868 -0.1132813 0.162855 -0.1134152 0 P 0
L 0.162855 -0.1134152 0.1641748 -0.113544 0 P 0
L 0.1641748 -0.113544 0.1654698 -0.1136699 0 P 0
L 0.1653543 3.9900913 0.1653543 4.0081025 0 P 0
L 0.1654698 -0.1136699 0.1657992 -0.1137019 0 P 0
L 0.1657992 -0.1137019 0.1658067 -0.1136595 0 P 0
L 0.2244095 -0.1410018 0.2244095 -0.1188082 0 P 0
L 0.6574803 -0.1410018 0.6574803 -0.1188082 0 P 0
L 0.7160906 -0.1137019 0.7172517 -0.1135891 0 P 0
L 0.7165354 3.9900914 0.7165354 4.0081025 0 P 0
L 0.7172517 -0.1135891 0.7184372 -0.1134736 0 P 0
L 0.7184372 -0.1134736 0.7196698 -0.1133531 0 P 0
L 0.7196698 -0.1133531 0.72095 -0.1132276 0 P 0
L 0.72095 -0.1132276 0.7222779 -0.113097 0 P 0
L 0.7222779 -0.113097 0.7236768 -0.112959 0 P 0
L 0.7236768 -0.112959 0.7251242 -0.1128156 0 P 0
L 0.7251242 -0.1128156 0.7266434 -0.1126646 0 P 0
L 0.7266434 -0.1126646 0.7282581 -0.1125034 0 P 0
L 0.7282581 -0.1125034 0.729969 -0.1123319 0 P 0
L 0.729969 -0.1123319 0.7318001 -0.1121475 0 P 0
L 0.7318001 -0.1121475 0.7337524 -0.1119499 0 P 0
L 0.7337524 -0.1119499 0.7358741 -0.1117341 0 P 0
L 0.7358741 -0.1117341 0.7382137 -0.1114946 0 P 0
L 0.7382137 -0.1114946 0.7391755 -0.1113957 0 P 0
L 0.7391755 -0.1113957 0.7432754 -0.1109715 0 P 0
L 0.7432754 -0.1109715 0.7461643 -0.1106697 0 P 0
L 0.7461643 -0.1106697 0.7485449 -0.1104194 0 P 0
L 0.7485449 -0.1104194 0.7506139 -0.1102005 0 P 0
L 0.7506139 -0.1102005 0.7524842 -0.1100015 0 P 0
L 0.7524842 -0.1100015 0.7541835 -0.1098199 0 P 0
L 0.7541835 -0.1098199 0.7557685 -0.1096498 0 P 0
L 0.7557685 -0.1096498 0.7572677 -0.1094882 0 P 0
L 0.7572677 -0.1094882 0.7586806 -0.1093353 0 P 0
L 0.7586806 -0.1093353 0.7600359 -0.109188 0 P 0
L 0.7600359 -0.109188 0.7613045 -0.1090497 0 P 0
L 0.7613045 -0.1090497 0.7625439 -0.1089141 0 P 0
L 0.7625439 -0.1089141 0.7637253 -0.1087844 0 P 0
L 0.7637253 -0.1087844 0.7648773 -0.1086575 0 P 0
L 0.7648773 -0.1086575 0.7659711 -0.1085366 0 P 0
L 0.7659711 -0.1085366 0.7670355 -0.1084186 0 P 0
L 0.7670355 -0.1084186 0.767898 -0.1083227 0 P 0
L 0.767898 -0.1083227 0.771915 -0.107873 0 P 0
L 0.771915 -0.107873 0.7750608 -0.1075172 0 P 0
L 0.7749458 3.9839546 0.775151 3.9839313 0 P 0
L 0.7750608 -0.1075172 0.7777406 -0.1072115 0 P 0
L 0.775151 3.9839313 0.776885 3.9837337 0 P 0
L 0.776885 3.9837337 0.7785675 3.9835411 0 P 0
L 0.7777406 -0.1072115 0.7800995 -0.1069404 0 P 0
L 0.7785675 3.9835411 0.7801988 3.9833535 0 P 0
L 0.7800995 -0.1069404 0.7822247 -0.1066945 0 P 0
L 0.7801988 3.9833535 0.7817792 3.9831709 0 P 0
L 0.7817792 3.9831709 0.7833244 3.9829915 0 P 0
L 0.7822247 -0.1066945 0.7841741 -0.1064677 0 P 0
L 0.7833244 3.9829915 0.7848347 3.9828154 0 P 0
L 0.7841741 -0.1064677 0.7860051 -0.1062534 0 P 0
L 0.7848347 3.9828154 0.7863101 3.9826426 0 P 0
L 0.7860051 -0.1062534 0.7877184 -0.1060519 0 P 0
L 0.7863101 3.9826426 0.7877508 3.9824732 0 P 0
L 0.7877184 -0.1060519 0.7893147 -0.1058631 0 P 0
L 0.7877508 3.9824732 0.7891571 3.9823071 0 P 0
L 0.7891571 3.9823071 0.7905443 3.9821425 0 P 0
L 0.7893147 -0.1058631 0.7908505 -0.1056807 0 P 0
L 0.7905443 3.9821425 0.7921455 3.9819518 0 P 0
L 0.7908505 -0.1056807 0.7922984 -0.105508 0 P 0
L 0.7921455 3.9819518 0.7941494 3.9817117 0 P 0
L 0.7922984 -0.105508 0.7936867 -0.1053416 0 P 0
L 0.7936867 -0.1053416 0.7950156 -0.1051817 0 P 0
L 0.7941494 3.9817117 0.7961087 3.9814756 0 P 0
L 0.7950156 -0.1051817 0.7961477 -0.105045 0 P 0
L 0.7961087 3.9814756 0.797987 3.981248 0 P 0
L 0.7961477 -0.105045 0.7991432 -0.1046809 0 P 0
L 0.797987 3.981248 0.7998214 3.9810243 0 P 0
L 0.7991432 -0.1046809 0.8017093 -0.1043663 0 P 0
L 0.7998214 3.9810243 0.8016125 3.9808048 0 P 0
L 0.8016125 3.9808048 0.8033605 3.9805894 0 P 0
L 0.8017093 -0.1043663 0.8039884 -0.1040848 0 P 0
L 0.8033605 3.9805894 0.8050657 3.9803781 0 P 0
L 0.8039884 -0.1040848 0.8060654 -0.1038265 0 P 0
L 0.8050657 3.9803781 0.8067285 3.980171 0 P 0
L 0.8060654 -0.1038265 0.8079699 -0.1035882 0 P 0
L 0.8067285 3.980171 0.8083491 3.9799681 0 P 0
L 0.8079699 -0.1035882 0.8097575 -0.1033632 0 P 0
L 0.8083491 3.9799681 0.809928 3.9797694 0 P 0
L 0.8097575 -0.1033632 0.8114296 -0.1031517 0 P 0
L 0.809928 3.9797694 0.8114654 3.979575 0 P 0
L 0.8114296 -0.1031517 0.8129876 -0.1029535 0 P 0
L 0.8114654 3.979575 0.8129616 3.9793848 0 P 0
L 0.8129616 3.9793848 0.8144171 3.979199 0 P 0
L 0.8129876 -0.1029535 0.8144591 -0.1027654 0 P 0
L 0.8144171 3.979199 0.8158673 3.979013 0 P 0
L 0.8144591 -0.1027654 0.8158713 -0.1025841 0 P 0
L 0.8158673 3.979013 0.8172772 3.9788313 0 P 0
L 0.8158713 -0.1025841 0.8172247 -0.1024096 0 P 0
L 0.8172247 -0.1024096 0.81852 -0.1022418 0 P 0
L 0.8172772 3.9788313 0.8186469 3.978654 0 P 0
L 0.81852 -0.1022418 0.8197578 -0.1020808 0 P 0
L 0.8186469 3.978654 0.8200118 3.9784766 0 P 0
L 0.8197578 -0.1020808 0.8209386 -0.1019267 0 P 0
L 0.8200118 3.9784766 0.821337 3.9783035 0 P 0
L 0.8209386 -0.1019267 0.8220886 -0.1017759 0 P 0
L 0.821337 3.9783035 0.8226229 3.9781348 0 P 0
L 0.8220886 -0.1017759 0.8227253 -0.1016922 0 P 0
L 0.8226229 3.9781348 0.8239043 3.977966 0 P 0
L 0.8227253 -0.1016922 0.8241204 -0.1015082 0 P 0
L 0.8239043 3.977966 0.8251468 3.9778016 0 P 0
L 0.8241204 -0.1015082 0.8255077 -0.1013244 0 P 0
L 0.8251468 3.9778016 0.8264192 3.9776326 0 P 0
L 0.8255077 -0.1013244 0.8269125 -0.1011373 0 P 0
L 0.8264192 3.9776326 0.8266938 3.977596 0 P 0
L 0.8266938 3.977596 0.8288141 3.9773124 0 P 0
L 0.8269125 -0.1011373 0.8283343 -0.1009471 0 P 0
L 0.8283343 -0.1009471 0.829773 -0.1007537 0 P 0
L 0.8288141 3.9773124 0.8308535 3.9770377 0 P 0
L 0.829773 -0.1007537 0.831228 -0.1005571 0 P 0
L 0.8308535 3.9770377 0.8327795 3.9767765 0 P 0
L 0.831228 -0.1005571 0.8326993 -0.1003574 0 P 0
L 0.8326993 -0.1003574 0.8342106 -0.1001511 0 P 0
L 0.8327795 3.9767765 0.834627 3.9765244 0 P 0
L 0.8342106 -0.1001511 0.8357372 -0.0999416 0 P 0
L 0.834627 3.9765244 0.8363973 3.9762812 0 P 0
L 0.8357372 -0.0999416 0.8373027 -0.0997256 0 P 0
L 0.8363973 3.9762812 0.8380911 3.9760472 0 P 0
L 0.8373027 -0.0997256 0.8389065 -0.0995032 0 P 0
L 0.8380911 3.9760472 0.8397097 3.9758222 0 P 0
L 0.8389065 -0.0995032 0.8405477 -0.0992742 0 P 0
L 0.8397097 3.9758222 0.8412866 3.9756018 0 P 0
L 0.8405477 -0.0992742 0.8422492 -0.0990354 0 P 0
L 0.8412866 3.9756018 0.8427898 3.9753906 0 P 0
L 0.8422492 -0.0990354 0.8439864 -0.0987901 0 P 0
L 0.8427898 3.9753906 0.8442527 3.975184 0 P 0
L 0.8439864 -0.0987901 0.845805 -0.0985316 0 P 0
L 0.8442527 3.975184 0.8456756 3.974982 0 P 0
L 0.8456756 3.974982 0.8470589 3.9747846 0 P 0
L 0.845805 -0.0985316 0.8469642 -0.098366 0 P 0
L 0.8469642 -0.098366 0.8483486 -0.0981673 0 P 0
L 0.8470589 3.9747846 0.8484032 3.9745918 0 P 0
L 0.8483486 -0.0981673 0.8497256 -0.0979687 0 P 0
L 0.8484032 3.9745918 0.8497088 3.9744037 0 P 0
L 0.8497088 3.9744037 0.8509762 3.9742203 0 P 0
L 0.8497256 -0.0979687 0.8510955 -0.0977701 0 P 0
L 0.8509762 3.9742203 0.8522058 3.9740415 0 P 0
L 0.8510955 -0.0977701 0.8524809 -0.0975682 0 P 0
L 0.8522058 3.9740415 0.853398 3.9738673 0 P 0
L 0.8524809 -0.0975682 0.853859 -0.0973664 0 P 0
L 0.853398 3.9738673 0.8545533 3.9736979 0 P 0
L 0.853859 -0.0973664 0.8552522 -0.0971613 0 P 0
L 0.8545533 3.9736979 0.8556719 3.9735331 0 P 0
L 0.8552522 -0.0971613 0.8566602 -0.096953 0 P 0
L 0.8556719 3.9735331 0.8567852 3.9733684 0 P 0
L 0.8566602 -0.096953 0.8580607 -0.0967447 0 P 0
L 0.8567852 3.9733684 0.8578625 3.9732083 0 P 0
L 0.8578625 3.9732083 0.8589347 3.9730484 0 P 0
L 0.8580607 -0.0967447 0.8594756 -0.0965331 0 P 0
L 0.8589347 3.9730484 0.8593621 3.9729845 0 P 0
L 0.8593621 3.9729845 0.8609425 3.9727472 0 P 0
L 0.8594756 -0.0965331 0.8609048 -0.0963183 0 P 0
L 0.8609048 -0.0963183 0.862326 -0.0961035 0 P 0
L 0.8609425 3.9727472 0.8625117 3.9725101 0 P 0
L 0.862326 -0.0961035 0.8637611 -0.0958854 0 P 0
L 0.8625117 3.9725101 0.8640697 3.9722733 0 P 0
L 0.8637611 -0.0958854 0.8652098 -0.095664 0 P 0
L 0.8640697 3.9722733 0.8656462 3.9720323 0 P 0
L 0.8652098 -0.095664 0.8666718 -0.0954394 0 P 0
L 0.8656462 3.9720323 0.8672112 3.9717915 0 P 0
L 0.8666718 -0.0954394 0.8681467 -0.0952114 0 P 0
L 0.8672112 3.9717915 0.8687647 3.9715511 0 P 0
L 0.8681467 -0.0952114 0.8691253 -0.0950595 0 P 0
L 0.8687647 3.9715511 0.8703359 3.9713064 0 P 0
L 0.8691253 -0.0950595 0.8704384 -0.0948547 0 P 0
L 0.8703359 3.9713064 0.8718953 3.971062 0 P 0
L 0.8704384 -0.0948547 0.8717447 -0.0946499 0 P 0
L 0.8717447 -0.0946499 0.8730653 -0.0944418 0 P 0
L 0.8718953 3.971062 0.8734431 3.970818 0 P 0
L 0.8730653 -0.0944418 0.8744 -0.0942303 0 P 0
L 0.8734431 3.970818 0.8750076 3.9705698 0 P 0
L 0.8744 -0.0942303 0.8757691 -0.0940123 0 P 0
L 0.8750076 3.9705698 0.8765602 3.970322 0 P 0
L 0.8757691 -0.0940123 0.8771515 -0.0937909 0 P 0
L 0.8765602 3.970322 0.8781008 3.9700745 0 P 0
L 0.8771515 -0.0937909 0.8785471 -0.0935661 0 P 0
L 0.8781008 3.9700745 0.8796574 3.9698229 0 P 0
L 0.8785471 -0.0935661 0.8799759 -0.0933347 0 P 0
L 0.8796574 3.9698229 0.8812018 3.9695717 0 P 0
L 0.8799759 -0.0933347 0.8814373 -0.0930966 0 P 0
L 0.8812018 3.9695717 0.8827614 3.9693164 0 P 0
L 0.8814373 -0.0930966 0.8829107 -0.0928551 0 P 0
L 0.8827614 3.9693164 0.8843085 3.9690616 0 P 0
L 0.8829107 -0.0928551 0.8844159 -0.0926069 0 P 0
L 0.8843085 3.9690616 0.8858701 3.9688027 0 P 0
L 0.8844159 -0.0926069 0.8859722 -0.0923487 0 P 0
L 0.8858701 3.9688027 0.8874721 3.9685354 0 P 0
L 0.8859722 -0.0923487 0.8875589 -0.0920837 0 P 0
L 0.8874721 3.9685354 0.887897 3.9684642 0 P 0
L 0.8875589 -0.0920837 0.8891952 -0.0918086 0 P 0
L 0.887897 3.9684642 0.8889288 3.9682908 0 P 0
L 0.8889288 3.9682908 0.889955 3.9681176 0 P 0
L 0.8891952 -0.0918086 0.8895291 -0.0917522 0 P 0
L 0.8895291 -0.0917522 0.8906065 -0.0915698 0 P 0
L 0.889955 3.9681176 0.8910016 3.9679401 0 P 0
L 0.8906065 -0.0915698 0.8916797 -0.0913873 0 P 0
L 0.8910016 3.9679401 0.8920425 3.9677629 0 P 0
L 0.8916797 -0.0913873 0.8927486 -0.0912046 0 P 0
L 0.8920425 3.9677629 0.8931034 3.9675815 0 P 0
L 0.8927486 -0.0912046 0.8938326 -0.0910186 0 P 0
L 0.8931034 3.9675815 0.8941583 3.9674002 0 P 0
L 0.8938326 -0.0910186 0.8949315 -0.0908291 0 P 0
L 0.8941583 3.9674002 0.8952329 3.9672147 0 P 0
L 0.8949315 -0.0908291 0.8960452 -0.0906361 0 P 0
L 0.8952329 3.9672147 0.8963267 3.9670251 0 P 0
L 0.8960452 -0.0906361 0.8971735 -0.0904397 0 P 0
L 0.8963267 3.9670251 0.8974393 3.9668312 0 P 0
L 0.8971735 -0.0904397 0.8983162 -0.0902398 0 P 0
L 0.8974393 3.9668312 0.8985454 3.9666375 0 P 0
L 0.8983162 -0.0902398 0.899473 -0.0900364 0 P 0
L 0.8985454 3.9666375 0.8996699 3.9664397 0 P 0
L 0.899473 -0.0900364 0.900644 -0.0898295 0 P 0
L 0.8996699 3.9664397 0.9008124 3.9662376 0 P 0
L 0.900644 -0.0898295 0.9018288 -0.089619 0 P 0
L 0.9008124 3.9662376 0.9019726 3.9660314 0 P 0
L 0.9018288 -0.089619 0.9030274 -0.0894049 0 P 0
L 0.9019726 3.9660314 0.9031502 3.965821 0 P 0
L 0.9030274 -0.0894049 0.9042395 -0.0891873 0 P 0
L 0.9031502 3.965821 0.904369 3.965602 0 P 0
L 0.9042395 -0.0891873 0.9054835 -0.0889627 0 P 0
L 0.904369 3.965602 0.9056042 3.9653789 0 P 0
L 0.9054835 -0.0889627 0.9067406 -0.0887345 0 P 0
L 0.9056042 3.9653789 0.9068792 3.9651472 0 P 0
L 0.9067406 -0.0887345 0.9080291 -0.0884992 0 P 0
L 0.9068792 3.9651472 0.9081696 3.9649114 0 P 0
L 0.9080291 -0.0884992 0.9084878 -0.0884151 0 P 0
L 0.9081696 3.9649114 0.9094985 3.9646671 0 P 0
L 0.9084878 -0.0884151 0.9094581 -0.0882366 0 P 0
L 0.9094581 -0.0882366 0.9104069 -0.0880613 0 P 0
L 0.9094985 3.9646671 0.9108887 3.9644099 0 P 0
L 0.9104069 -0.0880613 0.9113709 -0.0878825 0 P 0
L 0.9108887 3.9644099 0.9123387 3.9641398 0 P 0
L 0.9113709 -0.0878825 0.9123498 -0.0877 0 P 0
L 0.9123387 3.9641398 0.9126646 3.9640789 0 P 0
L 0.9123498 -0.0877 0.9133256 -0.0875173 0 P 0
L 0.9126646 3.9640789 0.9136159 3.9639005 0 P 0
L 0.9133256 -0.0875173 0.9143162 -0.087331 0 P 0
L 0.9136159 3.9639005 0.9145625 3.9637221 0 P 0
L 0.9143162 -0.087331 0.9153215 -0.087141 0 P 0
L 0.9145625 3.9637221 0.9155045 3.9635439 0 P 0
L 0.9153215 -0.087141 0.9163413 -0.0869473 0 P 0
L 0.9155045 3.9635439 0.9164646 3.9633614 0 P 0
L 0.9163413 -0.0869473 0.9173756 -0.0867499 0 P 0
L 0.9164646 3.9633614 0.91742 3.9631789 0 P 0
L 0.9173756 -0.0867499 0.9184242 -0.0865488 0 P 0
L 0.91742 3.9631789 0.9183932 3.9629922 0 P 0
L 0.9183932 3.9629922 0.919384 3.9628012 0 P 0
L 0.9184242 -0.0865488 0.9194869 -0.086344 0 P 0
L 0.919384 3.9628012 0.9203696 3.9626103 0 P 0
L 0.9194869 -0.086344 0.9205637 -0.0861353 0 P 0
L 0.9203696 3.9626103 0.9213724 3.9624152 0 P 0
L 0.9205637 -0.0861353 0.9216544 -0.0859229 0 P 0
L 0.9213724 3.9624152 0.92237 3.96222 0 P 0
L 0.9216544 -0.0859229 0.9227589 -0.0857065 0 P 0
L 0.92237 3.96222 0.9233844 3.9620206 0 P 0
L 0.9227589 -0.0857065 0.923877 -0.0854863 0 P 0
L 0.9233844 3.9620206 0.9244154 3.9618169 0 P 0
L 0.923877 -0.0854863 0.9250261 -0.0852588 0 P 0
L 0.9244154 3.9618169 0.9254626 3.9616089 0 P 0
L 0.9250261 -0.0852588 0.9261885 -0.0850273 0 P 0
L 0.9254626 3.9616089 0.9265041 3.961401 0 P 0
L 0.9261885 -0.0850273 0.9262924 -0.0850065 0 P 0
L 0.9262924 -0.0850065 0.9273123 -0.0848021 0 P 0
L 0.9265041 3.961401 0.9275616 3.9611888 0 P 0
L 0.9273123 -0.0848021 0.9283119 -0.0846008 0 P 0
L 0.9275616 3.9611888 0.9286346 3.9609722 0 P 0
L 0.9283119 -0.0846008 0.9293085 -0.0843991 0 P 0
L 0.9286346 3.9609722 0.9297231 3.9607513 0 P 0
L 0.9293085 -0.0843991 0.9303021 -0.084197 0 P 0
L 0.9297231 3.9607513 0.9308266 3.9605261 0 P 0
L 0.9303021 -0.084197 0.9312927 -0.0839944 0 P 0
L 0.9308266 3.9605261 0.9319659 3.9602923 0 P 0
L 0.9312927 -0.0839944 0.9322803 -0.0837914 0 P 0
L 0.9319659 3.9602923 0.9331195 3.9600541 0 P 0
L 0.9322803 -0.0837914 0.933265 -0.083588 0 P 0
L 0.9331195 3.9600541 0.9343287 3.9598029 0 P 0
L 0.933265 -0.083588 0.9342466 -0.0833842 0 P 0
L 0.9342466 -0.0833842 0.9352253 -0.08318 0 P 0
L 0.9343287 3.9598029 0.9348061 3.9597032 0 P 0
L 0.9348061 3.9597032 0.9357575 3.959504 0 P 0
L 0.9352253 -0.08318 0.936201 -0.0829753 0 P 0
L 0.9357575 3.959504 0.9367043 3.9593046 0 P 0
L 0.936201 -0.0829753 0.9371738 -0.0827702 0 P 0
L 0.9367043 3.9593046 0.9376464 3.9591053 0 P 0
L 0.9371738 -0.0827702 0.9381603 -0.082561 0 P 0
L 0.9376464 3.9591053 0.9385839 3.958906 0 P 0
L 0.9381603 -0.082561 0.9391437 -0.0823515 0 P 0
L 0.9385839 3.958906 0.9395168 3.9587066 0 P 0
L 0.9391437 -0.0823515 0.9401242 -0.0821415 0 P 0
L 0.9395168 3.9587066 0.9404452 3.9585072 0 P 0
L 0.9401242 -0.0821415 0.9411016 -0.081931 0 P 0
L 0.9404452 3.9585072 0.941369 3.9583077 0 P 0
L 0.9411016 -0.081931 0.942076 -0.08172 0 P 0
L 0.941369 3.9583077 0.9422882 3.9581083 0 P 0
L 0.942076 -0.08172 0.9430473 -0.0815086 0 P 0
L 0.9422882 3.9581083 0.943203 3.9579088 0 P 0
L 0.9430473 -0.0815086 0.9431624 -0.0814835 0 P 0
L 0.9431624 -0.0814835 0.9440648 -0.0812859 0 P 0
L 0.943203 3.9579088 0.9441132 3.9577093 0 P 0
L 0.9440648 -0.0812859 0.9449484 -0.0810916 0 P 0
L 0.9441132 3.9577093 0.9450189 3.9575098 0 P 0
L 0.9449484 -0.0810916 0.9458294 -0.0808968 0 P 0
L 0.9450189 3.9575098 0.9459397 3.9573059 0 P 0
L 0.9458294 -0.0808968 0.9467079 -0.0807016 0 P 0
L 0.9459397 3.9573059 0.9468559 3.957102 0 P 0
L 0.9467079 -0.0807016 0.9475838 -0.080506 0 P 0
L 0.9468559 3.957102 0.9477674 3.9568981 0 P 0
L 0.9475838 -0.080506 0.9484573 -0.08031 0 P 0
L 0.9477674 3.9568981 0.9486743 3.9566941 0 P 0
L 0.9484573 -0.08031 0.9493283 -0.0801136 0 P 0
L 0.9486743 3.9566941 0.9495766 3.9564902 0 P 0
L 0.9493283 -0.0801136 0.9501967 -0.0799168 0 P 0
L 0.9495766 3.9564902 0.9504744 3.9562862 0 P 0
L 0.9501967 -0.0799168 0.9510626 -0.0797196 0 P 0
L 0.9504744 3.9562862 0.9513675 3.9560822 0 P 0
L 0.9510626 -0.0797196 0.951926 -0.0795219 0 P 0
L 0.9513675 3.9560822 0.9522562 3.9558781 0 P 0
L 0.951926 -0.0795219 0.9527869 -0.0793239 0 P 0
L 0.9522562 3.9558781 0.9531403 3.9556741 0 P 0
L 0.9527869 -0.0793239 0.9536453 -0.0791254 0 P 0
L 0.9531403 3.9556741 0.9540386 3.9554657 0 P 0
L 0.9536453 -0.0791254 0.9545011 -0.0789265 0 P 0
L 0.9540386 3.9554657 0.9542437 3.9554179 0 P 0
L 0.9542437 3.9554179 0.955229 3.9551878 0 P 0
L 0.9545011 -0.0789265 0.9553545 -0.0787272 0 P 0
L 0.955229 3.9551878 0.9562085 3.9549576 0 P 0
L 0.9553545 -0.0787272 0.9562053 -0.0785274 0 P 0
L 0.9562053 -0.0785274 0.9570537 -0.0783272 0 P 0
L 0.9562085 3.9549576 0.9571824 3.9547274 0 P 0
L 0.9570537 -0.0783272 0.9578995 -0.0781266 0 P 0
L 0.9571824 3.9547274 0.9581506 3.9544972 0 P 0
L 0.9578995 -0.0781266 0.9587428 -0.0779255 0 P 0
L 0.9581506 3.9544972 0.9590951 3.9542714 0 P 0
L 0.9587428 -0.0779255 0.9591635 -0.0778249 0 P 0
L 0.9590951 3.9542714 0.9600341 3.9540455 0 P 0
L 0.9591635 -0.0778249 0.9603598 -0.0775371 0 P 0
L 0.9600341 3.9540455 0.9609678 3.9538197 0 P 0
L 0.9603598 -0.0775371 0.9614737 -0.0772673 0 P 0
L 0.9609678 3.9538197 0.9618961 3.9535939 0 P 0
L 0.9614737 -0.0772673 0.9625213 -0.0770118 0 P 0
L 0.9618961 3.9535939 0.962819 3.953368 0 P 0
L 0.9625213 -0.0770118 0.9635186 -0.0767671 0 P 0
L 0.962819 3.953368 0.9637366 3.9531422 0 P 0
L 0.9635186 -0.0767671 0.9644661 -0.0765332 0 P 0
L 0.9637366 3.9531422 0.9646489 3.9529164 0 P 0
L 0.9644661 -0.0765332 0.9653793 -0.0763064 0 P 0
L 0.9646489 3.9529164 0.9655559 3.9526907 0 P 0
L 0.9653793 -0.0763064 0.9662435 -0.0760905 0 P 0
L 0.9655559 3.9526907 0.9664575 3.952465 0 P 0
L 0.9662435 -0.0760905 0.9670741 -0.075882 0 P 0
L 0.9664575 3.952465 0.9673539 3.9522393 0 P 0
L 0.9670741 -0.075882 0.9678715 -0.0756807 0 P 0
L 0.9673539 3.9522393 0.968245 3.9520136 0 P 0
L 0.9678715 -0.0756807 0.9686508 -0.075483 0 P 0
L 0.968245 3.9520136 0.9691139 3.9517923 0 P 0
L 0.9686508 -0.075483 0.9693974 -0.0752927 0 P 0
L 0.9691139 3.9517923 0.9699777 3.9515711 0 P 0
L 0.9693974 -0.0752927 0.9701263 -0.075106 0 P 0
L 0.9699777 3.9515711 0.9708365 3.9513499 0 P 0
L 0.9701263 -0.075106 0.9708228 -0.0749267 0 P 0
L 0.9708228 -0.0749267 0.971502 -0.0747511 0 P 0
L 0.9708365 3.9513499 0.971707 3.9511244 0 P 0
L 0.971502 -0.0747511 0.9721641 -0.0745792 0 P 0
L 0.971707 3.9511244 0.9719905 3.9510507 0 P 0
L 0.9719905 3.9510507 0.9729865 3.9507907 0 P 0
L 0.9721641 -0.0745792 0.9728091 -0.074411 0 P 0
L 0.9728091 -0.074411 0.9734371 -0.0742465 0 P 0
L 0.9729865 3.9507907 0.9739592 3.9505351 0 P 0
L 0.9734371 -0.0742465 0.9740483 -0.0740858 0 P 0
L 0.9739592 3.9505351 0.9749253 3.9502795 0 P 0
L 0.9740483 -0.0740858 0.9742371 -0.074036 0 P 0
L 0.9742371 -0.074036 0.9768137 -0.0733501 0 P 0
L 0.9749253 3.9502795 0.9758847 3.9500241 0 P 0
L 0.9758847 3.9500241 0.9768376 3.9497688 0 P 0
L 0.9768137 -0.0733501 0.9785591 -0.0728786 0 P 0
L 0.9768376 3.9497688 0.9777679 3.949518 0 P 0
L 0.9777679 3.949518 0.9786918 3.9492673 0 P 0
L 0.9785591 -0.0728786 0.9799623 -0.0724954 0 P 0
L 0.9786918 3.9492673 0.9796094 3.9490167 0 P 0
L 0.9796094 3.9490167 0.9805206 3.9487663 0 P 0
L 0.9799623 -0.0724954 0.9811571 -0.0721663 0 P 0
L 0.9805206 3.9487663 0.9814256 3.9485161 0 P 0
L 0.9811571 -0.0721663 0.9822035 -0.0718758 0 P 0
L 0.9814256 3.9485161 0.9823088 3.9482704 0 P 0
L 0.9822035 -0.0718758 0.9831457 -0.0716125 0 P 0
L 0.9823088 3.9482704 0.983186 3.9480249 0 P 0
L 0.9831457 -0.0716125 0.9839992 -0.0713725 0 P 0
L 0.983186 3.9480249 0.9840571 3.9477795 0 P 0
L 0.9839992 -0.0713725 0.9847925 -0.0711481 0 P 0
L 0.9840571 3.9477795 0.9849223 3.9475343 0 P 0
L 0.9847925 -0.0711481 0.9855268 -0.0709394 0 P 0
L 0.9849223 3.9475343 0.9857663 3.9472937 0 P 0
L 0.9855268 -0.0709394 0.9862162 -0.0707424 0 P 0
L 0.9857663 3.9472937 0.9866046 3.9470533 0 P 0
L 0.9862162 -0.0707424 0.9868615 -0.0705571 0 P 0
L 0.9866046 3.9470533 0.9874519 3.9468088 0 P 0
L 0.9868615 -0.0705571 0.9874765 -0.0703797 0 P 0
L 0.9874519 3.9468088 0.9877478 3.9467231 0 P 0
L 0.9874765 -0.0703797 0.9880226 -0.0702216 0 P 0
L 0.9877478 3.9467231 0.9885137 3.9465003 0 P 0
L 0.9880226 -0.0702216 0.988823 -0.0699887 0 P 0
L 0.9885137 3.9465003 0.9892747 3.9462777 0 P 0
L 0.988823 -0.0699887 0.9896037 -0.0697602 0 P 0
L 0.9892747 3.9462777 0.9900307 3.9460554 0 P 0
L 0.9896037 -0.0697602 0.9903902 -0.0695287 0 P 0
L 0.9900307 3.9460554 0.9907818 3.9458333 0 P 0
L 0.9903902 -0.0695287 0.9911825 -0.0692941 0 P 0
L 0.9907818 3.9458333 0.991528 3.9456114 0 P 0
L 0.9911825 -0.0692941 0.9919925 -0.0690529 0 P 0
L 0.991528 3.9456114 0.9922693 3.9453897 0 P 0
L 0.9919925 -0.0690529 0.9928074 -0.0688088 0 P 0
L 0.9922693 3.9453897 0.9930058 3.9451683 0 P 0
L 0.9928074 -0.0688088 0.9936268 -0.0685618 0 P 0
L 0.9930058 3.9451683 0.9937374 3.9449471 0 P 0
L 0.9936268 -0.0685618 0.9944627 -0.0683083 0 P 0
L 0.9937374 3.9449471 0.9944642 3.9447261 0 P 0
L 0.9944627 -0.0683083 0.9953023 -0.068052 0 P 0
L 0.9944642 3.9447261 0.9951862 3.9445054 0 P 0
L 0.9951862 3.9445054 0.9958897 3.9442892 0 P 0
L 0.9953023 -0.068052 0.9961574 -0.0677894 0 P 0
L 0.9958897 3.9442892 0.9965886 3.9440732 0 P 0
L 0.9961574 -0.0677894 0.9970388 -0.0675168 0 P 0
L 0.9965886 3.9440732 0.9972828 3.9438575 0 P 0
L 0.9970388 -0.0675168 0.997934 -0.0672381 0 P 0
L 0.9972828 3.9438575 0.9979726 3.943642 0 P 0
L 0.997934 -0.0672381 0.9988538 -0.0669498 0 P 0
L 0.9979726 3.943642 0.9986577 3.9434268 0 P 0
L 0.9986577 3.9434268 0.9993384 3.9432119 0 P 0
L 0.9988538 -0.0669498 0.9997972 -0.0666519 0 P 0
L 0.9993384 3.9432119 1.0000145 3.9429972 0 P 0
L 0.9997972 -0.0666519 1.0001129 -0.0665517 0 P 0
L 1.0000145 3.9429972 1.0006862 3.9427828 0 P 0
L 1.0001129 -0.0665517 1.0005618 -0.0664089 0 P 0
L 1.0005618 -0.0664089 1.0010082 -0.0662663 0 P 0
L 1.0006862 3.9427828 1.0013663 3.9425645 0 P 0
L 1.0010082 -0.0662663 1.0014632 -0.0661205 0 P 0
L 1.0013663 3.9425645 1.0016657 3.9424681 0 P 0
L 1.0014632 -0.0661205 1.0019267 -0.0659714 0 P 0
L 1.0016657 3.9424681 1.00221 3.9422921 0 P 0
L 1.0019267 -0.0659714 1.0023984 -0.0658191 0 P 0
L 1.00221 3.9422921 1.0027514 3.9421162 0 P 0
L 1.0023984 -0.0658191 1.0028783 -0.0656636 0 P 0
L 1.0027514 3.9421162 1.0033026 3.9419364 0 P 0
L 1.0028783 -0.0656636 1.0033769 -0.0655013 0 P 0
L 1.0033026 3.9419364 1.0038507 3.9417568 0 P 0
L 1.0033769 -0.0655013 1.0038834 -0.0653358 0 P 0
L 1.0038507 3.9417568 1.0044084 3.9415732 0 P 0
L 1.0038834 -0.0653358 1.004408 -0.0651637 0 P 0
L 1.004408 -0.0651637 1.0049506 -0.0649848 0 P 0
L 1.0044084 3.9415732 1.0049629 3.9413897 0 P 0
L 1.0049506 -0.0649848 1.0055214 -0.0647959 0 P 0
L 1.0049629 3.9413897 1.0055269 3.9412023 0 P 0
L 1.0055214 -0.0647959 1.0061197 -0.0645968 0 P 0
L 1.0055269 3.9412023 1.0061 3.9410109 0 P 0
L 1.0061 3.9410109 1.0066697 3.9408196 0 P 0
L 1.0061197 -0.0645968 1.0067553 -0.0643841 0 P 0
L 1.0066697 3.9408196 1.0072485 3.9406244 0 P 0
L 1.0067553 -0.0643841 1.0074276 -0.064158 0 P 0
L 1.0072485 3.9406244 1.007836 3.9404252 0 P 0
L 1.0074276 -0.064158 1.0081561 -0.0639115 0 P 0
L 1.007836 3.9404252 1.0084321 3.9402221 0 P 0
L 1.0081561 -0.0639115 1.00897 -0.0636343 0 P 0
L 1.0084321 3.9402221 1.0090367 3.940015 0 P 0
L 1.00897 -0.0636343 1.009907 -0.0633126 0 P 0
L 1.0090367 3.940015 1.0096495 3.9398039 0 P 0
L 1.0096495 3.9398039 1.0102704 3.9395888 0 P 0
L 1.009907 -0.0633126 1.0106659 -0.0630502 0 P 0
L 1.0102704 3.9395888 1.010911 3.9393657 0 P 0
L 1.0106659 -0.0630502 1.0110432 -0.0629191 0 P 0
L 1.010911 3.9393657 1.0115592 3.9391386 0 P 0
L 1.0110432 -0.0629191 1.0114189 -0.0627881 0 P 0
L 1.0114189 -0.0627881 1.0118031 -0.0626537 0 P 0
L 1.0115592 3.9391386 1.0122264 3.9389034 0 P 0
L 1.0118031 -0.0626537 1.0121956 -0.0625159 0 P 0
L 1.0121956 -0.0625159 1.0125963 -0.0623748 0 P 0
L 1.0122264 3.9389034 1.0129007 3.9386643 0 P 0
L 1.0125963 -0.0623748 1.0130051 -0.0622302 0 P 0
L 1.0129007 3.9386643 1.0136049 3.9384129 0 P 0
L 1.0130051 -0.0622302 1.013422 -0.0620822 0 P 0
L 1.013422 -0.0620822 1.0138565 -0.0619274 0 P 0
L 1.0136049 3.9384129 1.0139264 3.9382976 0 P 0
L 1.0138565 -0.0619274 1.0142988 -0.0617692 0 P 0
L 1.0139264 3.9382976 1.0143269 3.9381535 0 P 0
L 1.0142988 -0.0617692 1.0147584 -0.061604 0 P 0
L 1.0143269 3.9381535 1.0147257 3.9380095 0 P 0
L 1.0147257 3.9380095 1.0151229 3.9378655 0 P 0
L 1.0147584 -0.061604 1.0152351 -0.061432 0 P 0
L 1.0151229 3.9378655 1.0155298 3.9377174 0 P 0
L 1.0152351 -0.061432 1.0157287 -0.0612531 0 P 0
L 1.0155298 3.9377174 1.015935 3.9375693 0 P 0
L 1.0157287 -0.0612531 1.0162389 -0.0610672 0 P 0
L 1.015935 3.9375693 1.0163498 3.9374172 0 P 0
L 1.0162389 -0.0610672 1.0167751 -0.0608709 0 P 0
L 1.0163498 3.9374172 1.0167628 3.9372651 0 P 0
L 1.0167628 3.9372651 1.0171741 3.937113 0 P 0
L 1.0167751 -0.0608709 1.0173463 -0.0606607 0 P 0
L 1.0171741 3.937113 1.0175947 3.9369568 0 P 0
L 1.0173463 -0.0606607 1.0179519 -0.0604365 0 P 0
L 1.0175947 3.9369568 1.0180136 3.9368006 0 P 0
L 1.0179519 -0.0604365 1.0186009 -0.0601947 0 P 0
L 1.0180136 3.9368006 1.0184416 3.9366403 0 P 0
L 1.0184416 3.9366403 1.0188678 3.93648 0 P 0
L 1.0186009 -0.0601947 1.019311 -0.0599284 0 P 0
L 1.0188678 3.93648 1.0193031 3.9363155 0 P 0
L 1.0193031 3.9363155 1.0197473 3.936147 0 P 0
L 1.019311 -0.0599284 1.0201088 -0.059627 0 P 0
L 1.0197473 3.936147 1.0201895 3.9359784 0 P 0
L 1.0201088 -0.059627 1.0201728 -0.0596027 0 P 0
L 1.0201728 -0.0596027 1.0204286 -0.0595055 0 P 0
L 1.0201895 3.9359784 1.0206404 3.9358057 0 P 0
L 1.0204286 -0.0595055 1.0206838 -0.0594083 0 P 0
L 1.0206404 3.9358057 1.0211001 3.9356288 0 P 0
L 1.0206838 -0.0594083 1.0209386 -0.059311 0 P 0
L 1.0209386 -0.059311 1.0212021 -0.05921 0 P 0
L 1.0211001 3.9356288 1.0215576 3.9354518 0 P 0
L 1.0212021 -0.05921 1.0214741 -0.0591056 0 P 0
L 1.0214741 -0.0591056 1.0217457 -0.059001 0 P 0
L 1.0215576 3.9354518 1.0220237 3.9352707 0 P 0
L 1.0217457 -0.059001 1.0220259 -0.0588927 0 P 0
L 1.0220237 3.9352707 1.0224981 3.9350853 0 P 0
L 1.0220259 -0.0588927 1.0223055 -0.0587844 0 P 0
L 1.0223055 -0.0587844 1.0225937 -0.0586724 0 P 0
L 1.0224981 3.9350853 1.0229808 3.9348958 0 P 0
L 1.0225937 -0.0586724 1.0228904 -0.0585568 0 P 0
L 1.0228904 -0.0585568 1.0231955 -0.0584374 0 P 0
L 1.0229808 3.9348958 1.0234717 3.934702 0 P 0
L 1.0231955 -0.0584374 1.023509 -0.0583144 0 P 0
L 1.0234717 3.934702 1.0239706 3.934504 0 P 0
L 1.023509 -0.0583144 1.023822 -0.0581911 0 P 0
L 1.023822 -0.0581911 1.0241434 -0.0580641 0 P 0
L 1.0239706 3.934504 1.0244878 3.9342976 0 P 0
L 1.0241434 -0.0580641 1.0244821 -0.0579298 0 P 0
L 1.0244821 -0.0579298 1.0248291 -0.0577916 0 P 0
L 1.0244878 3.9342976 1.0246939 3.934215 0 P 0
L 1.0246939 3.934215 1.025187 3.9340166 0 P 0
L 1.0248291 -0.0577916 1.0251844 -0.0576496 0 P 0
L 1.0251844 -0.0576496 1.0255568 -0.0575001 0 P 0
L 1.025187 3.9340166 1.025688 3.9338139 0 P 0
L 1.0255568 -0.0575001 1.0259374 -0.0573467 0 P 0
L 1.025688 3.9338139 1.0261968 3.9336069 0 P 0
L 1.0259374 -0.0573467 1.026335 -0.0571856 0 P 0
L 1.0261968 3.9336069 1.0267132 3.9333955 0 P 0
L 1.026335 -0.0571856 1.0267497 -0.0570169 0 P 0
L 1.0267132 3.9333955 1.0272473 3.9331756 0 P 0
L 1.0267497 -0.0570169 1.0271813 -0.0568404 0 P 0
L 1.0271813 -0.0568404 1.0276385 -0.0566524 0 P 0
L 1.0272473 3.9331756 1.0277887 3.9329513 0 P 0
L 1.0276385 -0.0566524 1.0281214 -0.0564527 0 P 0
L 1.0277887 3.9329513 1.0283473 3.9327184 0 P 0
L 1.0281214 -0.0564527 1.0286386 -0.0562376 0 P 0
L 1.0283473 3.9327184 1.0289129 3.932481 0 P 0
L 1.0286386 -0.0562376 1.0290851 -0.0560507 0 P 0
L 1.0289129 3.932481 1.0294953 3.9322349 0 P 0
L 1.0290851 -0.0560507 1.029553 -0.0558539 0 P 0
L 1.0294953 3.9322349 1.0301041 3.9319758 0 P 0
L 1.029553 -0.0558539 1.0300121 -0.0556596 0 P 0
L 1.0300121 -0.0556596 1.0304707 -0.0554644 0 P 0
L 1.0301041 3.9319758 1.030729 3.9317079 0 P 0
L 1.0304707 -0.0554644 1.0309287 -0.0552684 0 P 0
L 1.030729 3.9317079 1.0313795 3.9314268 0 P 0
L 1.0309287 -0.0552684 1.0313943 -0.055068 0 P 0
L 1.0313795 3.9314268 1.0320552 3.9311326 0 P 0
L 1.0313943 -0.055068 1.0318592 -0.0548667 0 P 0
L 1.0318592 -0.0548667 1.0323236 -0.0546644 0 P 0
L 1.0320552 3.9311326 1.0327747 3.9308165 0 P 0
L 1.0323236 -0.0546644 1.0327873 -0.0544612 0 P 0
L 1.0327747 3.9308165 1.0335279 3.9304827 0 P 0
L 1.0327873 -0.0544612 1.0332585 -0.0542535 0 P 0
L 1.0332585 -0.0542535 1.033729 -0.0540448 0 P 0
L 1.0335279 3.9304827 1.0343425 3.9301182 0 P 0
L 1.033729 -0.0540448 1.0341988 -0.0538351 0 P 0
L 1.0341988 -0.0538351 1.0346679 -0.0536245 0 P 0
L 1.0343425 3.9301182 1.0344854 3.9300539 0 P 0
L 1.0344854 3.9300539 1.0348839 3.9298739 0 P 0
L 1.0346679 -0.0536245 1.0351363 -0.0534128 0 P 0
L 1.0348839 3.9298739 1.0352812 3.9296936 0 P 0
L 1.0351363 -0.0534128 1.0356121 -0.0531965 0 P 0
L 1.0352812 3.9296936 1.0356742 3.9295144 0 P 0
L 1.0356121 -0.0531965 1.0360871 -0.0529792 0 P 0
L 1.0356742 3.9295144 1.0360659 3.9293348 0 P 0
L 1.0360659 3.9293348 1.0364534 3.9291563 0 P 0
L 1.0360871 -0.0529792 1.0365613 -0.0527607 0 P 0
L 1.0364534 3.9291563 1.0368396 3.9289775 0 P 0
L 1.0365613 -0.0527607 1.0370348 -0.0525413 0 P 0
L 1.0368396 3.9289775 1.0372245 3.9287984 0 P 0
L 1.0370348 -0.0525413 1.0372031 -0.0524629 0 P 0
L 1.0826772 0.018905 1.0826772 3.8574404 0 P 0
