#Layer_Color=16776960
#
#Feature symbol names
#
$0 r3.937
$1 r1.9685

#
#Feature attribute names
#
@0 .nomenclature
@1 .string
@2 .string_angle

#
#Feature attribute text strings
#
&0 BOTTOM COURTYARD

#
#Layer features
#
L -0.0023085 0.7545275 -0.0023085 0.8596456 1 P 0
L -0.0039369 1.6751967 0.0354332 1.6751967 0 P 0
L -0.003937 2.3129922 -0.003937 2.3562992 1 P 0
L -0.005854 4.3552733 0.0203842 4.3552733 0 P 0 ;0,1=0,2=0.000000
L -0.0059055 0.4852785 -0.0059055 0.5167746 1 P 0
L -0.0059055 0.4852785 0.0570866 0.4852785 1 P 0
L -0.0059055 0.5167746 0.0570866 0.5167746 1 P 0
L -0.0068898 3.7204724 0.0147637 3.7204724 0 P 0
L -0.0078741 3.1899606 -0.0078741 3.2588582 1 P 0
L -0.008214 0.7204723 -0.008214 0.7519684 1 P 0
L -0.0159632 3.3346457 -0.0159632 3.3661418 1 P 0
L -0.0177166 0.6122047 -0.0177166 0.6791338 1 P 0
L -0.0189732 4.3224755 -0.0189732 4.3487137 0 P 0 ;0,1=0,2=0.000000
L -0.0189732 4.3487137 -0.0255327 4.3552733 0 P 0 ;0,1=0,2=0.000000
L -0.0216536 0.4822834 -0.0216536 0.5206692 1 P 0
L -0.023622 2.6663386 -0.023622 2.6879922 0 P 0
L -0.023622 2.7096456 -0.023622 2.7312992 0 P 0
L -0.023622 2.7529526 -0.023622 2.7746062 0 P 0
L -0.0255327 4.3159159 -0.0189732 4.3224755 0 P 0 ;0,1=0,2=0.000000
L -0.0255327 4.3552733 -0.0386518 4.3552733 0 P 0 ;0,1=0,2=0.000000
L -0.0275591 2.6614173 -0.0275591 2.6929134 1 P 0
L -0.0275591 2.7047243 -0.0275591 2.7362204 1 P 0
L -0.0275591 2.7480314 -0.0275591 2.7795275 1 P 0
L -0.0275591 3.7047243 -0.0275591 3.7362204 1 P 0
L -0.0275591 3.7047243 0.035433 3.7047243 1 P 0
L -0.0275591 3.7362204 0.035433 3.7362204 1 P 0
L -0.0278991 0.8622046 -0.0278991 0.8937007 1 P 0
L -0.0314959 1.7440944 -0.0314959 1.8070865 1 P 0
L -0.0314961 1.8503936 -0.0314961 1.8818897 1 P 0
L -0.0344488 2.6771654 -0.0127953 2.6771654 0 P 0
L -0.0344488 2.7204724 -0.0127953 2.7204724 0 P 0
L -0.0344488 2.7637794 -0.0127953 2.7637794 0 P 0
L -0.0374016 0.1437007 -0.0374016 0.2027558 1 P 0
L -0.0386518 4.3159159 -0.0255327 4.3159159 0 P 0 ;0,1=0,2=0.000000
L -0.0386518 4.3552733 -0.0452114 4.3487137 0 P 0 ;0,1=0,2=0.000000
L -0.0393701 3.2047243 -0.0393701 3.2440944 0 P 0
L -0.0397101 0.7253935 -0.0397101 0.7470471 0 P 0
L -0.0413386 0.4940944 -0.0413386 0.5098424 0 P 0
L -0.0433071 0.6240157 -0.0433071 0.6633858 0 P 0
L -0.0433071 1.1220473 -0.0433071 1.1604331 1 P 0
L -0.0452114 4.3224755 -0.0386518 4.3159159 0 P 0 ;0,1=0,2=0.000000
L -0.0452114 4.3487137 -0.0452114 4.3224755 0 P 0 ;0,1=0,2=0.000000
L -0.047244 1.7647637 -0.047244 1.7864172 0 P 0
L -0.0474593 3.3395669 -0.0474593 3.3612205 0 P 0
L -0.0475841 0.7874015 -0.0475841 0.8267716 0 P 0
L -0.0492126 0.5019684 -0.0334646 0.5019684 0 P 0
L -0.0505368 0.7362203 -0.0288833 0.7362203 0 P 0
L -0.0511811 2.3149607 -0.0511811 2.3543307 0 P 0
L -0.0551181 0.1632283 -0.0551181 0.1829133 0 P 0
L -0.0551181 2.6614173 -0.0551181 2.6929134 1 P 0
L -0.0551181 2.6614173 0.007874 2.6614173 1 P 0
L -0.0551181 2.6929134 0.007874 2.6929134 1 P 0
L -0.0551181 2.7047243 -0.0551181 2.7362204 1 P 0
L -0.0551181 2.7047243 0.007874 2.7047243 1 P 0
L -0.0551181 2.7362204 0.007874 2.7362204 1 P 0
L -0.0551181 2.7480313 -0.0551181 2.7795274 1 P 0
L -0.0551181 2.7480313 0.007874 2.7480313 1 P 0
L -0.0551181 2.7795274 0.007874 2.7795274 1 P 0
L -0.0551181 3.5472441 -0.0551181 3.5866142 0 P 0
L -0.0572834 1.6102361 -0.0572834 1.7401574 1 P 0
L -0.0572834 1.6102361 0.0887796 1.6102361 1 P 0
L -0.0572834 1.7401574 0.0887796 1.7401574 1 P 0
L -0.0580708 1.7755905 -0.0364172 1.7755905 0 P 0
L -0.058286 3.3503937 -0.0366325 3.3503937 0 P 0
L -0.0583306 4.3224755 -0.0583306 4.329035 0 P 0 ;0,1=0,2=0.000000
L -0.0583306 4.329035 -0.0648901 4.3355946 0 P 0 ;0,1=0,2=0.000000
L -0.0583306 4.3421541 -0.0583306 4.3487137 0 P 0 ;0,1=0,2=0.000000
L -0.0583306 4.3487137 -0.0648901 4.3552733 0 P 0 ;0,1=0,2=0.000000
L -0.0590551 2.6663386 -0.0590551 2.6879922 0 P 0
L -0.0590551 2.7096456 -0.0590551 2.7312992 0 P 0
L -0.0590551 2.7529527 -0.0590551 2.7746063 0 P 0
L -0.0590552 3.2244094 -0.0196851 3.2244094 0 P 0
L -0.0593952 0.8671258 -0.0593952 0.8887794 0 P 0
L -0.0610236 0.4822834 -0.0216536 0.4822834 1 P 0
L -0.0610236 0.4822834 -0.0610236 0.5206692 1 P 0
L -0.0610236 0.5206692 -0.0216536 0.5206692 1 P 0
L -0.062992 1.6811023 -0.062992 1.7440944 1 P 0
L -0.062992 1.7440944 -0.0314959 1.7440944 1 P 0
L -0.062992 1.7440944 -0.062992 1.8070865 1 P 0
L -0.062992 1.8070865 -0.0314959 1.8070865 1 P 0
L -0.0629921 1.1338583 -0.0629921 1.1496063 0 P 0
L -0.0629921 1.5866142 -0.0629921 1.6496063 1 P 0
L -0.0629921 1.6496062 -0.0629921 1.6811023 1 P 0
L -0.0629921 1.7440945 -0.0629921 1.8070866 1 P 0
L -0.0629921 1.8553149 -0.0629921 1.8769685 0 P 0
L -0.0629922 0.6437007 -0.0236221 0.6437007 0 P 0
L -0.0648901 4.3159159 -0.0583306 4.3224755 0 P 0 ;0,1=0,2=0.000000
L -0.0648901 4.3355946 -0.0583306 4.3421541 0 P 0 ;0,1=0,2=0.000000
L -0.0648901 4.3355946 -0.0845688 4.3355946 0 P 0 ;0,1=0,2=0.000000
L -0.0648901 4.3552733 -0.0845688 4.3552733 0 P 0 ;0,1=0,2=0.000000
L -0.0651181 0.1732283 -0.0454331 0.1732283 0 P 0
L -0.0672691 0.8070865 -0.027899 0.8070865 0 P 0
L -0.0688977 0.6122047 -0.0177166 0.6122047 1 P 0
L -0.0688977 0.6122047 -0.0688977 0.6791338 1 P 0
L -0.0688977 0.6791338 -0.0177166 0.6791338 1 P 0
L -0.0698819 2.6771654 -0.0482284 2.6771654 0 P 0
L -0.0698819 2.7204724 -0.0482284 2.7204724 0 P 0
L -0.0698819 2.7637795 -0.0482284 2.7637795 0 P 0
L -0.0702219 0.8779526 -0.0485684 0.8779526 0 P 0
L -0.0708661 1.1417323 -0.0551181 1.1417323 0 P 0
L -0.0708661 2.3346457 -0.0314961 2.3346457 0 P 0
L -0.0708662 3.1899606 -0.0078741 3.1899606 1 P 0
L -0.0708662 3.1899606 -0.0708662 3.2588582 1 P 0
L -0.0708662 3.2588582 -0.0078741 3.2588582 1 P 0
L -0.0712061 0.7204723 -0.008214 0.7204723 1 P 0
L -0.0712061 0.7204723 -0.0712061 0.7519684 1 P 0
L -0.0712061 0.7519684 -0.008214 0.7519684 1 P 0
L -0.0728346 0.1437007 -0.0374016 0.1437007 1 P 0
L -0.0728346 0.1437007 -0.0728346 0.2027558 1 P 0
L -0.0728346 0.2027558 -0.0374016 0.2027558 1 P 0
L -0.0738189 1.8661417 -0.0521654 1.8661417 0 P 0
L -0.0748031 3.5669291 -0.0354331 3.5669291 0 P 0
L -0.0787401 1.6072835 -0.0787401 1.628937 0 P 0
L -0.0787401 1.7017716 -0.0787401 1.7234251 0 P 0
L -0.0787401 1.7647638 -0.0787401 1.7864173 0 P 0
L -0.0789553 3.3346457 -0.0159632 3.3346457 1 P 0
L -0.0789553 3.3346457 -0.0789553 3.3661418 1 P 0
L -0.0789553 3.3661418 -0.0159632 3.3661418 1 P 0
L -0.0826771 1.1220473 -0.0433071 1.1220473 1 P 0
L -0.0826771 1.1220473 -0.0826771 1.1604331 1 P 0
L -0.0826771 1.1604331 -0.0433071 1.1604331 1 P 0
L -0.0845688 4.3159159 -0.0648901 4.3159159 0 P 0 ;0,1=0,2=0.000000
L -0.0845688 4.3355946 -0.0648901 4.3355946 0 P 0 ;0,1=0,2=0.000000
L -0.0845688 4.3552733 -0.0845688 4.3159159 0 P 0 ;0,1=0,2=0.000000
L -0.0846456 3.1791338 -0.0846456 3.2106299 1 P 0
L -0.0846456 3.2145669 -0.0846456 3.246063 1 P 0
L -0.0895669 1.6181102 -0.0679133 1.6181102 0 P 0
L -0.0895669 1.7125984 -0.0679133 1.7125984 0 P 0
L -0.0895669 1.7755905 -0.0679133 1.7755905 0 P 0
L -0.0905511 3.2519684 -0.0905511 3.3188975 1 P 0
L -0.0905512 2.6614173 -0.0275591 2.6614173 1 P 0
L -0.0905512 2.6614173 -0.0905512 2.6929134 1 P 0
L -0.0905512 2.6929134 -0.0275591 2.6929134 1 P 0
L -0.0905512 2.7047243 -0.0275591 2.7047243 1 P 0
L -0.0905512 2.7047243 -0.0905512 2.7362204 1 P 0
L -0.0905512 2.7362204 -0.0275591 2.7362204 1 P 0
L -0.0905512 2.7480314 -0.0275591 2.7480314 1 P 0
L -0.0905512 2.7480314 -0.0905512 2.7795275 1 P 0
L -0.0905512 2.7795275 -0.0275591 2.7795275 1 P 0
L -0.0908912 0.8622046 -0.0278991 0.8622046 1 P 0
L -0.0908912 0.8622046 -0.0908912 0.8937007 1 P 0
L -0.0908912 0.8937007 -0.0278991 0.8937007 1 P 0
L -0.0928596 0.7545275 -0.0023085 0.7545275 1 P 0
L -0.0928596 0.7545275 -0.0928596 0.8596456 1 P 0
L -0.0928596 0.8596456 -0.0023085 0.8596456 1 P 0
L -0.0944881 1.6545275 -0.0944881 1.6761811 0 P 0
L -0.0944881 1.6811023 -0.062992 1.6811023 1 P 0
L -0.0944881 1.6811023 -0.0944881 1.7440944 1 P 0
L -0.0944881 1.7440944 -0.062992 1.7440944 1 P 0
L -0.0944882 1.5866142 -0.0629921 1.5866142 1 P 0
L -0.0944882 1.5866142 -0.0944882 1.6496063 1 P 0
L -0.0944882 1.6496063 -0.0629921 1.6496063 1 P 0
L -0.0944882 1.7440945 -0.0629921 1.7440945 1 P 0
L -0.0944882 1.7440945 -0.0944882 1.8070866 1 P 0
L -0.0944882 1.8070866 -0.0629921 1.8070866 1 P 0
L -0.0944882 1.8503936 -0.0314961 1.8503936 1 P 0
L -0.0944882 1.8503936 -0.0944882 1.8818897 1 P 0
L -0.0944882 1.8818897 -0.0314961 1.8818897 1 P 0
L -0.0964566 0.7145669 -0.0964566 0.777559 1 P 0
L -0.0984252 2.3129922 -0.003937 2.3129922 1 P 0
L -0.0984252 2.3129922 -0.0984252 2.3562992 1 P 0
L -0.0984252 2.3562992 -0.003937 2.3562992 1 P 0
L -0.0984252 3.3307087 -0.0984252 3.3690945 1 P 0
L -0.1053149 1.6653543 -0.0836614 1.6653543 0 P 0
L -0.1084646 0.217126 -0.1084646 0.4572835 1 P 0
L -0.1084646 0.217126 0.2616142 0.217126 1 P 0
L -0.1084646 0.4572835 0.2616142 0.4572835 1 P 0
L -0.1112205 0.7913386 -0.1112205 0.8307086 1 P 0
L -0.1122047 0.7352362 -0.1122047 0.7568897 0 P 0
L -0.1161417 3.184055 -0.1161417 3.2057086 0 P 0
L -0.1161417 3.2194881 -0.1161417 3.2411417 0 P 0
L -0.1161417 3.2677164 -0.1161417 3.3070865 0 P 0
L -0.1181102 3.3425197 -0.1181102 3.3582677 0 P 0
L -0.1230315 0.746063 -0.1013779 0.746063 0 P 0
L -0.1259842 1.6496062 -0.0629921 1.6496062 1 P 0
L -0.1259842 1.6496062 -0.1259842 1.6811023 1 P 0
L -0.1259842 1.6811023 -0.0629921 1.6811023 1 P 0
L -0.1259842 3.3503937 -0.1102362 3.3503937 0 P 0
L -0.1269684 3.1948818 -0.1053149 3.1948818 0 P 0
L -0.1269684 3.2303149 -0.1053149 3.2303149 0 P 0
L -0.1279527 0.7145669 -0.0964566 0.7145669 1 P 0
L -0.1279527 0.7145669 -0.1279527 0.777559 1 P 0
L -0.1279527 0.777559 -0.0964566 0.777559 1 P 0
L -0.1299213 0.8031496 -0.1299213 0.8188976 0 P 0
L -0.1358267 3.2874015 -0.0964566 3.2874015 0 P 0
L -0.1377952 3.3307087 -0.0984252 3.3307087 1 P 0
L -0.1377952 3.3307087 -0.1377952 3.3690945 1 P 0
L -0.1377952 3.3690945 -0.0984252 3.3690945 1 P 0
L -0.1377953 0.8110236 -0.1220473 0.8110236 0 P 0
L -0.1417322 3.2519684 -0.0905511 3.2519684 1 P 0
L -0.1417322 3.2519684 -0.1417322 3.3188975 1 P 0
L -0.1417322 3.3188975 -0.0905511 3.3188975 1 P 0
L -0.1476377 3.1791338 -0.0846456 3.1791338 1 P 0
L -0.1476377 3.1791338 -0.1476377 3.2106299 1 P 0
L -0.1476377 3.2106299 -0.0846456 3.2106299 1 P 0
L -0.1476377 3.2145669 -0.0846456 3.2145669 1 P 0
L -0.1476377 3.2145669 -0.1476377 3.246063 1 P 0
L -0.1476377 3.246063 -0.0846456 3.246063 1 P 0
L -0.1496063 0.7913386 -0.1112205 0.7913386 1 P 0
L -0.1496063 0.7913386 -0.1496063 0.8307086 1 P 0
L -0.1496063 0.8307086 -0.1112205 0.8307086 1 P 0
L -0.1555118 3.4319291 -0.1555118 3.7019291 1 P 0
L -0.1555118 3.4319291 0.0452756 3.4319291 1 P 0
L -0.1555118 3.7019291 0.0452756 3.7019291 1 P 0
L 0 0.8877952 0 0.9311023 1 P 0
L 0 0.8877952 0.0866142 0.8877952 1 P 0
L 0 0.9311023 0.0866142 0.9311023 1 P 0
L 0 2.3188976 0 2.3818897 1 P 0
L 0 2.3188976 0.0314961 2.3188976 1 P 0
L 0 2.3818897 0.0314961 2.3818897 1 P 0
L 0.0000001 0.7066928 0.0000001 0.7450786 1 P 0
L 0.0000001 0.7066928 0.0393701 0.7066928 1 P 0
L 0.0000001 0.7450786 0.0393701 0.7450786 1 P 0
L 0.0019685 1.5059055 0.0019685 1.5492126 1 P 0
L 0.0019685 1.5059055 0.0885827 1.5059055 1 P 0
L 0.0019685 1.5492126 0.0885827 1.5492126 1 P 0
L 0.0019685 1.5570865 0.0019685 1.6003936 1 P 0
L 0.0019685 1.5570865 0.0885827 1.5570865 1 P 0
L 0.0019685 1.6003936 0.0885827 1.6003936 1 P 0
L 0.0019685 1.7480315 0.0019685 1.7913386 1 P 0
L 0.0019685 1.7480315 0.0885827 1.7480315 1 P 0
L 0.0019685 1.7913386 0.0019685 1.8346457 1 P 0
L 0.0019685 1.7913386 0.0885827 1.7913386 1 P 0
L 0.0019685 1.7913386 0.0885827 1.7913386 1 P 0
L 0.0019685 1.8346457 0.0885827 1.8346457 1 P 0
L 0.0035969 0.7519684 0.0035969 0.8149605 1 P 0
L 0.0035969 0.7519684 0.035093 0.7519684 1 P 0
L 0.0035969 0.8149605 0.035093 0.8149605 1 P 0
L 0.003937 0.8188976 0.003937 0.8818897 1 P 0
L 0.003937 0.8188976 0.0354331 0.8188976 1 P 0
L 0.003937 0.8818897 0.0354331 0.8818897 1 P 0
L 0.003937 1.8641733 0.003937 1.9074804 1 P 0
L 0.003937 1.8641733 0.0905512 1.8641733 1 P 0
L 0.003937 1.9074804 0.0905512 1.9074804 1 P 0
L 0.003937 3.7096456 0.003937 3.7312992 0 P 0
L 0.0039371 1.9114175 0.0039371 1.9547246 1 P 0
L 0.0039371 1.9114175 0.0905513 1.9114175 1 P 0
L 0.0039371 1.9547246 0.0905513 1.9547246 1 P 0
L 0.0049212 2.3503937 0.0265748 2.3503937 0 P 0
L 0.0049213 3.1889763 0.0049213 3.2519684 1 P 0
L 0.0049213 3.1889763 0.0738189 3.1889763 1 P 0
L 0.0049213 3.2519684 0.0738189 3.2519684 1 P 0
L 0.0072651 4.3552733 0.0072651 4.3159159 0 P 0 ;0,1=0,2=0.000000
L 0.007874 2.6614173 0.007874 2.6929134 1 P 0
L 0.007874 2.7047243 0.007874 2.7362204 1 P 0
L 0.007874 2.7480313 0.007874 2.7795274 1 P 0
L 0.0085182 0.7834644 0.0301718 0.7834644 0 P 0
L 0.0088582 0.8503937 0.0305118 0.8503937 0 P 0
L 0.0098425 0.518743 0.0098425 0.6486643 1 P 0
L 0.0098425 0.518743 0.1122047 0.518743 1 P 0
L 0.0098425 0.6486643 0.1122047 0.6486643 1 P 0
L 0.0098425 0.6506328 0.0098425 0.6821289 1 P 0
L 0.0098425 0.6506328 0.0728346 0.6506328 1 P 0
L 0.0098425 0.6821289 0.0728346 0.6821289 1 P 0
L 0.0108268 2.6033465 0.0108268 2.6427165 1 P 0
L 0.0108268 2.6033465 0.0492126 2.6033465 1 P 0
L 0.0108268 2.6427165 0.0492126 2.6427165 1 P 0
L 0.011811 3.3346457 0.011811 3.3976378 1 P 0
L 0.011811 3.3346457 0.0433071 3.3346457 1 P 0
L 0.011811 3.3976378 0.0433071 3.3976378 1 P 0
L 0.0118111 0.7263778 0.0275591 0.7263778 0 P 0
L 0.0118111 3.2608267 0.0118111 3.3297243 1 P 0
L 0.0118111 3.2608267 0.0748032 3.2608267 1 P 0
L 0.0118111 3.3297243 0.0748032 3.3297243 1 P 0
L 0.0147638 0.5010265 0.0364173 0.5010265 0 P 0
L 0.0151181 2.1214173 0.0151181 2.2014173 1 P 0
L 0.0151181 2.1214173 0.0951181 2.1214173 1 P 0
L 0.0151181 2.2014173 0.0551181 2.2014173 1 P 0
L 0.015748 2.3395669 0.015748 2.3612204 0 P 0
L 0.0157481 1.6555117 0.0157481 1.6948818 0 P 0
L 0.0167323 3.3661417 0.0383859 3.3661417 0 P 0
L 0.019345 0.7726377 0.019345 0.7942912 0 P 0
L 0.019685 0.8395669 0.019685 0.8612204 0 P 0
L 0.0196851 0.7185038 0.0196851 0.7342518 0 P 0
L 0.0196851 3.2204724 0.0590552 3.2204724 0 P 0
L 0.0203842 4.3552733 0.0072651 4.3552733 0 P 0 ;0,1=0,2=0.000000
L 0.0226378 2.6230315 0.0383858 2.6230315 0 P 0
L 0.0236221 3.2952755 0.0629922 3.2952755 0 P 0
L 0.0255905 0.4901997 0.0255905 0.5118533 0 P 0
L 0.0255906 0.9094488 0.0610236 0.9094488 0 P 0
L 0.027559 2.9803149 0.027559 3.011811 1 P 0
L 0.027559 2.9803149 0.0905511 2.9803149 1 P 0
L 0.027559 3.011811 0.0905511 3.011811 1 P 0
L 0.0275591 1.527559 0.0629921 1.527559 0 P 0
L 0.0275591 1.57874 0.0629921 1.57874 0 P 0
L 0.0275591 1.769685 0.0629921 1.769685 0 P 0
L 0.0275591 1.8129921 0.0629921 1.8129921 0 P 0
L 0.0275591 3.0196851 0.0275591 3.0511812 1 P 0
L 0.0275591 3.0196851 0.0905512 3.0196851 1 P 0
L 0.0275591 3.0511812 0.0905512 3.0511812 1 P 0
L 0.0275591 3.355315 0.0275591 3.3769685 0 P 0
L 0.0295276 1.8858268 0.0649606 1.8858268 0 P 0
L 0.0295277 1.933071 0.0649607 1.933071 0 P 0
L 0.0305118 0.6663808 0.0521653 0.6663808 0 P 0
L 0.0305118 2.6151575 0.0305118 2.6309055 0 P 0
L 0.0314961 2.3188976 0.0314961 2.3818897 1 P 0
L 0.0314961 2.6535433 0.0314961 2.6929133 1 P 0
L 0.0314961 2.6535433 0.0698819 2.6535433 1 P 0
L 0.0314961 2.6929133 0.0698819 2.6929133 1 P 0
L 0.0314961 2.7007874 0.0314961 2.7401574 1 P 0
L 0.0314961 2.7007874 0.0698819 2.7007874 1 P 0
L 0.0314961 2.7401574 0.0698819 2.7401574 1 P 0
L 0.0314961 2.7480315 0.0314961 2.7874015 1 P 0
L 0.0314961 2.7480315 0.0698819 2.7480315 1 P 0
L 0.0314961 2.7874015 0.0698819 2.7874015 1 P 0
L 0.0314961 2.7952756 0.0314961 2.8336614 1 P 0
L 0.0314961 2.7952756 0.0708661 2.7952756 1 P 0
L 0.0314961 2.8336614 0.0708661 2.8336614 1 P 0
L 0.0335034 4.3552733 0.0597416 4.3552733 0 P 0 ;0,1=0,2=0.000000
L 0.035093 0.7519684 0.035093 0.8149605 1 P 0
L 0.035433 3.7047243 0.035433 3.7362204 1 P 0
L 0.0354331 0.8188976 0.0354331 0.8818897 1 P 0
L 0.0354331 2.8582678 0.0354331 2.8976378 1 P 0
L 0.0354331 2.8582678 0.0738189 2.8582678 1 P 0
L 0.0354331 2.8976378 0.0738189 2.8976378 1 P 0
L 0.0393701 0.7066928 0.0393701 0.7450786 1 P 0
L 0.0393701 3.0669292 0.0393701 3.1062992 1 P 0
L 0.0393701 3.0669292 0.0777559 3.0669292 1 P 0
L 0.0393701 3.1062992 0.0777559 3.1062992 1 P 0
L 0.0393701 3.2007873 0.0393701 3.2401574 0 P 0
L 0.0401181 2.1614173 0.0701181 2.1614173 0 P 0
L 0.0413385 0.655554 0.0413385 0.6772076 0 P 0
L 0.0413386 0.5837036 0.0807087 0.5837036 0 P 0
L 0.0433071 0.8917322 0.0433071 0.9271653 0 P 0
L 0.0433071 2.6732283 0.0590551 2.6732283 0 P 0
L 0.0433071 2.7204724 0.0590551 2.7204724 0 P 0
L 0.0433071 2.7677165 0.0590551 2.7677165 0 P 0
L 0.0433071 2.8149606 0.0590551 2.8149606 0 P 0
L 0.0433071 3.2755905 0.0433071 3.3149606 0 P 0
L 0.0433071 3.3346457 0.0433071 3.3976378 1 P 0
L 0.0452756 1.5098425 0.0452756 1.5452756 0 P 0
L 0.0452756 1.5610235 0.0452756 1.5964566 0 P 0
L 0.0452756 1.7519685 0.0452756 1.7874016 0 P 0
L 0.0452756 1.7952756 0.0452756 1.8307087 0 P 0
L 0.0452756 3.4319291 0.0452756 3.7019291 1 P 0
L 0.0466225 4.3552733 0.0466225 4.3159159 0 P 0 ;0,1=0,2=0.000000
L 0.0472441 1.8681103 0.0472441 1.9035434 0 P 0
L 0.0472441 2.5 0.0472441 2.53937 1 P 0
L 0.0472441 2.5 0.0856299 2.5 1 P 0
L 0.0472441 2.53937 0.0856299 2.53937 1 P 0
L 0.0472441 2.8779528 0.0629921 2.8779528 0 P 0
L 0.0472442 1.9153545 0.0472442 1.9507876 0 P 0
L 0.0482283 2.996063 0.0698818 2.996063 0 P 0
L 0.0482284 3.0354331 0.0698819 3.0354331 0 P 0
L 0.0492126 2.6033465 0.0492126 2.6427165 1 P 0
L 0.0511811 2.6653543 0.0511811 2.6811023 0 P 0
L 0.0511811 2.7125984 0.0511811 2.7283464 0 P 0
L 0.0511811 2.7598425 0.0511811 2.7755905 0 P 0
L 0.0511811 2.8070866 0.0511811 2.8228346 0 P 0
L 0.0511811 3.0866142 0.0669291 3.0866142 0 P 0
L 0.0511811 3.6377952 0.0511811 3.7007873 1 P 0
L 0.0511811 3.6377952 0.0826772 3.6377952 1 P 0
L 0.0511811 3.7007873 0.0826772 3.7007873 1 P 0
L 0.0551181 2.1464173 0.0551181 2.1764173 0 P 0
L 0.0551181 2.1614173 0.0551181 2.1764173 0 P 0
L 0.0551181 2.1614173 0.0701181 2.1614173 0 P 0
L 0.0551181 2.2014173 0.0951181 2.2014173 1 P 0
L 0.0551181 2.8700788 0.0551181 2.8858268 0 P 0
L 0.0561023 3.6692913 0.0777559 3.6692913 0 P 0
L 0.0570865 0.4852784 0.0570865 0.5167745 1 P 0
L 0.0570865 0.4852784 0.1200786 0.4852784 1 P 0
L 0.0570865 0.5167745 0.1200786 0.5167745 1 P 0
L 0.0570866 0.4852785 0.0570866 0.5167746 1 P 0
L 0.0570867 0.3326772 0.0767717 0.3326772 0 P 0
L 0.0590551 2.519685 0.0748031 2.519685 0 P 0
L 0.0590551 2.5748031 0.0590551 2.6377952 1 P 0
L 0.0590551 2.5748031 0.0905512 2.5748031 1 P 0
L 0.0590551 2.6377952 0.0905512 2.6377952 1 P 0
L 0.0590551 2.9852362 0.0590551 3.0068898 0 P 0
L 0.0590551 3.0246063 0.0590551 3.0462599 0 P 0
L 0.0590551 3.0787402 0.0590551 3.0944882 0 P 0
L 0.0597416 4.3552733 0.0466225 4.3552733 0 P 0 ;0,1=0,2=0.000000
L 0.0610236 0.5640186 0.0610236 0.6033887 0 P 0
L 0.0629921 3.7322834 0.0629921 3.7637795 1 P 0
L 0.0629921 3.7322834 0.1259842 3.7322834 1 P 0
L 0.0629921 3.7637795 0.1259842 3.7637795 1 P 0
L 0.0639763 2.6062992 0.0856299 2.6062992 0 P 0
L 0.0669291 2.511811 0.0669291 2.527559 0 P 0
L 0.0669291 3.6584645 0.0669291 3.680118 0 P 0
L 0.0672398 3.5940115 0.0672398 3.6255076 1 P 0
L 0.0672398 3.5940115 0.1302319 3.5940115 1 P 0
L 0.0672398 3.6255076 0.1302319 3.6255076 1 P 0
L 0.0688977 3.3679133 0.0688977 3.5139763 1 P 0
L 0.0688977 3.3679133 0.1594488 3.3679133 1 P 0
L 0.0688977 3.5139763 0.1594488 3.5139763 1 P 0
L 0.0698819 2.6535433 0.0698819 2.6929133 1 P 0
L 0.0698819 2.7007874 0.0698819 2.7401574 1 P 0
L 0.0698819 2.7480315 0.0698819 2.7874015 1 P 0
L 0.0708661 2.7952756 0.0708661 2.8336614 1 P 0
L 0.0728346 0.6506328 0.0728346 0.6821289 1 P 0
L 0.0728608 4.3224755 0.0794204 4.3159159 0 P 0 ;0,1=0,2=0.000000
L 0.0728608 4.3487137 0.0728608 4.3224755 0 P 0 ;0,1=0,2=0.000000
L 0.0738189 2.3159449 0.0738189 2.3553149 1 P 0
L 0.0738189 2.3159449 0.1122047 2.3159449 1 P 0
L 0.0738189 2.3553149 0.1122047 2.3553149 1 P 0
L 0.0738189 2.8582678 0.0738189 2.8976378 1 P 0
L 0.0738189 3.1889763 0.0738189 3.2519684 1 P 0
L 0.0748031 2.5954724 0.0748031 2.6171259 0 P 0
L 0.0748032 3.2608267 0.0748032 3.3297243 1 P 0
L 0.0767717 0.0610235 0.0767717 0.1397636 1 P 0
L 0.0767717 0.0610235 0.2303151 0.0610235 1 P 0
L 0.0767717 0.1397636 0.2303151 0.1397636 1 P 0
L 0.0767717 0.3129922 0.0767717 0.3326772 0 P 0
L 0.0767717 0.3326772 0.0767717 0.3523622 0 P 0
L 0.0767717 0.3326772 0.0964567 0.3326772 0 P 0
L 0.0777558 0.5010265 0.0994093 0.5010265 0 P 0
L 0.0777559 3.0669292 0.0777559 3.1062992 1 P 0
L 0.0794204 4.3159159 0.0925395 4.3159159 0 P 0 ;0,1=0,2=0.000000
L 0.0794204 4.3552733 0.0728608 4.3487137 0 P 0 ;0,1=0,2=0.000000
L 0.0807087 3.1909448 0.0807087 3.2539369 1 P 0
L 0.0807087 3.1909448 0.1122048 3.1909448 1 P 0
L 0.0807087 3.2539369 0.1122048 3.2539369 1 P 0
L 0.0826772 3.6377952 0.0826772 3.7007873 1 P 0
L 0.0836614 3.7480315 0.1053149 3.7480315 0 P 0
L 0.0856299 2.3356299 0.1013779 2.3356299 0 P 0
L 0.0856299 2.5 0.0856299 2.53937 1 P 0
L 0.0856299 3.2224409 0.1072835 3.2224409 0 P 0
L 0.0866142 0.8877952 0.0866142 0.9311023 1 P 0
L 0.0879091 3.6097596 0.1095626 3.6097596 0 P 0
L 0.0885826 0.4901997 0.0885826 0.5118533 0 P 0
L 0.0885827 1.5059055 0.0885827 1.5492126 1 P 0
L 0.0885827 1.5570865 0.0885827 1.6003936 1 P 0
L 0.0885827 1.7480315 0.0885827 1.7913386 1 P 0
L 0.0885827 1.7913386 0.0885827 1.8346457 1 P 0
L 0.0887796 1.6102361 0.0887796 1.7401574 1 P 0
L 0.0905511 2.9803149 0.0905511 3.011811 1 P 0
L 0.0905512 1.8641733 0.0905512 1.9074804 1 P 0
L 0.0905512 2.5748031 0.0905512 2.6377952 1 P 0
L 0.0905512 3.0196851 0.0905512 3.0511812 1 P 0
L 0.0905513 1.9114175 0.0905513 1.9547246 1 P 0
L 0.0925197 2.4704725 0.0925197 3.1279528 1 P 0
L 0.0925197 2.4704725 0.75 2.4704725 1 P 0
L 0.0925197 3.1279528 0.75 3.1279528 1 P 0
L 0.0925395 4.3159159 0.099099 4.3224755 0 P 0 ;0,1=0,2=0.000000
L 0.0925395 4.3552733 0.0794204 4.3552733 0 P 0 ;0,1=0,2=0.000000
L 0.0935039 2.3277559 0.0935039 2.3435039 0 P 0
L 0.0944881 3.2598426 0.0944881 3.3228347 1 P 0
L 0.0944881 3.2598426 0.1259842 3.2598426 1 P 0
L 0.0944881 3.3228347 0.1259842 3.3228347 1 P 0
L 0.0944882 3.4409448 0.1338583 3.4409448 0 P 0
L 0.0944882 3.7372047 0.0944882 3.7588583 0 P 0
L 0.0951181 2.1214173 0.0951181 2.2014173 1 P 0
L 0.0954725 3.7716536 0.0954725 3.8346457 1 P 0
L 0.0954725 3.7716536 0.1643701 3.7716536 1 P 0
L 0.0954725 3.8346457 0.1643701 3.8346457 1 P 0
L 0.0964566 -0.0236221 0.0964566 0.051181 1 P 0
L 0.0964566 -0.0236221 0.2303149 -0.0236221 1 P 0
L 0.0964566 0.051181 0.2303149 0.051181 1 P 0
L 0.0964567 3.2116141 0.0964567 3.2332676 0 P 0
L 0.0984251 3.6299213 0.0984251 3.6929134 1 P 0
L 0.0984251 3.6299213 0.1299212 3.6299213 1 P 0
L 0.0984251 3.6929134 0.1299212 3.6929134 1 P 0
L 0.0984252 3.6653543 0.0984252 3.7283464 1 P 0
L 0.0984252 3.6653543 0.1299213 3.6653543 1 P 0
L 0.0984252 3.7283464 0.1299213 3.7283464 1 P 0
L 0.0984252 3.7322835 0.0984252 3.7637796 1 P 0
L 0.0984252 3.7322835 0.1614173 3.7322835 1 P 0
L 0.0984252 3.7637796 0.1614173 3.7637796 1 P 0
L 0.0984253 3.8425197 0.0984253 3.8740158 1 P 0
L 0.0984253 3.8425197 0.1614174 3.8425197 1 P 0
L 0.0984253 3.8740158 0.1614174 3.8740158 1 P 0
L 0.0987359 3.5989328 0.0987359 3.6205864 0 P 0
L 0.099099 4.3224755 0.099099 4.3487137 0 P 0 ;0,1=0,2=0.000000
L 0.099099 4.3487137 0.0925395 4.3552733 0 P 0 ;0,1=0,2=0.000000
L 0.0994094 3.2913386 0.121063 3.2913386 0 P 0
L 0.1033464 3.6614173 0.125 3.6614173 0 P 0
L 0.1033464 3.6968504 0.125 3.6968504 0 P 0
L 0.1062993 2.4370079 0.1062993 2.468504 1 P 0
L 0.1062993 2.4370079 0.1692914 2.4370079 1 P 0
L 0.1062993 2.468504 0.1692914 2.468504 1 P 0
L 0.1102362 3.2805119 0.1102362 3.3021654 0 P 0
L 0.1102362 3.515748 0.1102362 3.5472441 1 P 0
L 0.1102362 3.515748 0.1732283 3.515748 1 P 0
L 0.1102362 3.5472441 0.1732283 3.5472441 1 P 0
L 0.1102362 3.8031496 0.1496063 3.8031496 0 P 0
L 0.1102363 1.6151574 0.1102363 1.7352362 1 P 0
L 0.1102363 1.6151574 0.1968505 1.6151574 1 P 0
L 0.1102363 1.7352362 0.1968505 1.7352362 1 P 0
L 0.1122047 0.518743 0.1122047 0.6486643 1 P 0
L 0.1122047 2.3159449 0.1122047 2.3553149 1 P 0
L 0.1122048 3.1909448 0.1122048 3.2539369 1 P 0
L 0.1122182 4.3159159 0.1122182 4.3552733 0 P 0 ;0,1=0,2=0.000000
L 0.1122182 4.3552733 0.1253373 4.3421541 0 P 0 ;0,1=0,2=0.000000
L 0.1141732 3.4212598 0.1141732 3.4606298 0 P 0
L 0.1141732 3.6505906 0.1141732 3.6722441 0 P 0
L 0.1141732 3.6860236 0.1141732 3.7076771 0 P 0
L 0.1190945 3.7480315 0.140748 3.7480315 0 P 0
L 0.1190946 3.8582677 0.1407481 3.8582677 0 P 0
L 0.1200786 0.4852784 0.1200786 0.5167745 1 P 0
L 0.1200786 0.5600817 0.1200786 0.6230738 1 P 0
L 0.1200786 0.5600817 0.1515747 0.5600817 1 P 0
L 0.1200786 0.6230738 0.1515747 0.6230738 1 P 0
L 0.1200787 0.4970894 0.1200787 0.5600815 1 P 0
L 0.1200787 0.4970894 0.1515748 0.4970894 1 P 0
L 0.1200787 0.5600815 0.1515748 0.5600815 1 P 0
L 0.1200787 0.6230737 0.1200787 0.6860658 1 P 0
L 0.1200787 0.6230737 0.1515748 0.6230737 1 P 0
L 0.1200787 0.6860658 0.1515748 0.6860658 1 P 0
L 0.1249999 0.5285855 0.1466535 0.5285855 0 P 0
L 0.1249999 0.5915777 0.1466535 0.5915777 0 P 0
L 0.1249999 0.6545698 0.1466535 0.6545698 0 P 0
L 0.1253373 4.3421541 0.1384564 4.3552733 0 P 0 ;0,1=0,2=0.000000
L 0.1259842 3.2598426 0.1259842 3.3228347 1 P 0
L 0.1259842 3.7322834 0.1259842 3.7637795 1 P 0
L 0.1269686 2.4527559 0.1486221 2.4527559 0 P 0
L 0.1299212 3.6299213 0.1299212 3.6929134 1 P 0
L 0.1299212 3.7372047 0.1299212 3.7588583 0 P 0
L 0.1299213 3.6653543 0.1299213 3.7283464 1 P 0
L 0.1299213 3.7834646 0.1299213 3.8228347 0 P 0
L 0.1299213 3.8474409 0.1299213 3.8690945 0 P 0
L 0.1302319 3.5940115 0.1302319 3.6255076 1 P 0
L 0.1309055 3.5314961 0.152559 3.5314961 0 P 0
L 0.1338583 3.6574804 0.1338583 3.6968504 1 P 0
L 0.1338583 3.6574804 0.1722441 3.6574804 1 P 0
L 0.1338583 3.6968504 0.1722441 3.6968504 1 P 0
L 0.1338584 0.1003936 0.1732284 0.1003936 0 P 0
L 0.1338584 1.6751968 0.1732285 1.6751968 0 P 0
L 0.1358267 0.5177587 0.1358267 0.5394122 0 P 0
L 0.1358267 0.580751 0.1358267 0.6024045 0 P 0
L 0.1358267 0.643743 0.1358267 0.6653965 0 P 0
L 0.1377953 2.4419291 0.1377953 2.4635827 0 P 0
L 0.1384564 4.3552733 0.1384564 4.3159159 0 P 0 ;0,1=0,2=0.000000
L 0.1417323 3.1692914 0.1417323 3.2086614 1 P 0
L 0.1417323 3.1692914 0.1801181 3.1692914 1 P 0
L 0.1417323 3.2086614 0.1801181 3.2086614 1 P 0
L 0.1417323 3.5206693 0.1417323 3.5423229 0 P 0
L 0.1437007 0.0137795 0.1830708 0.0137795 0 P 0
L 0.1456693 3.6771654 0.1614173 3.6771654 0 P 0
L 0.1496063 3.1338582 0.1496063 3.1653543 1 P 0
L 0.1496063 3.1338582 0.2125984 3.1338582 1 P 0
L 0.1496063 3.1653543 0.2125984 3.1653543 1 P 0
L 0.1515747 0.5600817 0.1515747 0.6230738 1 P 0
L 0.1515748 0.4970894 0.1515748 0.5600815 1 P 0
L 0.1515748 0.6230737 0.1515748 0.6860658 1 P 0
L 0.1535433 3.1889764 0.1692913 3.1889764 0 P 0
L 0.1535433 3.6692914 0.1535433 3.6850394 0 P 0
L 0.1535434 0.0807085 0.1535434 0.1200786 0 P 0
L 0.1535434 1.6555118 0.1535434 1.6948819 0 P 0
L 0.1574804 0.5157481 0.1574804 0.5551181 1 P 0
L 0.1574804 0.5157481 0.1958662 0.5157481 1 P 0
L 0.1574804 0.5551181 0.1958662 0.5551181 1 P 0
L 0.1574804 0.5826772 0.1574804 0.6220472 1 P 0
L 0.1574804 0.5826772 0.1958662 0.5826772 1 P 0
L 0.1574804 0.6220472 0.1958662 0.6220472 1 P 0
L 0.1594488 3.3679133 0.1594488 3.5139763 1 P 0
L 0.1614173 3.1811024 0.1614173 3.1968504 0 P 0
L 0.1614173 3.7322835 0.1614173 3.7637796 1 P 0
L 0.1614174 3.8425197 0.1614174 3.8740158 1 P 0
L 0.1633858 -0.0059056 0.1633858 0.0334645 0 P 0
L 0.1643701 3.7716536 0.1643701 3.8346457 1 P 0
L 0.1692912 2.4055119 0.1692912 2.468504 1 P 0
L 0.1692912 2.4055119 0.2007873 2.4055119 1 P 0
L 0.1692912 2.468504 0.2007873 2.468504 1 P 0
L 0.1692914 0.5354331 0.1850394 0.5354331 0 P 0
L 0.1692914 0.6023622 0.1850394 0.6023622 0 P 0
L 0.1692914 2.4370079 0.1692914 2.468504 1 P 0
L 0.1702756 3.1496063 0.1919291 3.1496063 0 P 0
L 0.1722441 3.6574804 0.1722441 3.6968504 1 P 0
L 0.1732283 3.515748 0.1732283 3.5472441 1 P 0
L 0.1742125 2.4370079 0.1958661 2.4370079 0 P 0
L 0.1771653 3.2992125 0.1771653 3.3307086 1 P 0
L 0.1771653 3.2992125 0.2401574 3.2992125 1 P 0
L 0.1771653 3.3307086 0.2401574 3.3307086 1 P 0
L 0.1771654 0.5275591 0.1771654 0.5433071 0 P 0
L 0.1771654 0.5944882 0.1771654 0.6102362 0 P 0
L 0.1781496 3.5226378 0.1781496 4.0108268 1 P 0
L 0.1781496 3.5226378 0.7017717 3.5226378 1 P 0
L 0.1781496 4.0108268 0.5561025 4.0108268 1 P 0
L 0.1801181 3.1692914 0.1801181 3.2086614 1 P 0
L 0.1811024 0.1574804 0.1811024 0.1958662 1 P 0
L 0.1811024 0.1574804 0.2204724 0.1574804 1 P 0
L 0.1811024 0.1958662 0.2204724 0.1958662 1 P 0
L 0.1811024 3.1387795 0.1811024 3.1604331 0 P 0
L 0.1850393 2.4261812 0.1850393 2.4478347 0 P 0
L 0.1850393 3.1377953 0.1850393 3.2007874 1 P 0
L 0.1850393 3.1377953 0.2165354 3.1377953 1 P 0
L 0.1850393 3.2007874 0.2165354 3.2007874 1 P 0
L 0.1889763 2.1889763 0.1889763 2.2204724 1 P 0
L 0.1889763 2.1889763 0.2519684 2.1889763 1 P 0
L 0.1889763 2.2204724 0.2519684 2.2204724 1 P 0
L 0.1899606 3.1692913 0.2116142 3.1692913 0 P 0
L 0.190933 4.3224755 0.1974926 4.3159159 0 P 0 ;0,1=0,2=0.000000
L 0.190933 4.3487137 0.190933 4.3224755 0 P 0 ;0,1=0,2=0.000000
L 0.1929134 0.1771654 0.2086614 0.1771654 0 P 0
L 0.1948818 3.4291338 0.1948818 3.515748 1 P 0
L 0.1948818 3.4291338 0.2381889 3.4291338 1 P 0
L 0.1948818 3.515748 0.2381889 3.515748 1 P 0
L 0.1948819 3.3740157 0.1948819 3.4606299 1 P 0
L 0.1948819 3.3740157 0.238189 3.3740157 1 P 0
L 0.1948819 3.4606299 0.238189 3.4606299 1 P 0
L 0.1958662 0.5157481 0.1958662 0.5551181 1 P 0
L 0.1958662 0.5826772 0.1958662 0.6220472 1 P 0
L 0.1968505 1.6151574 0.1968505 1.7352362 1 P 0
L 0.1974926 4.3159159 0.2106117 4.3159159 0 P 0 ;0,1=0,2=0.000000
L 0.1974926 4.3552733 0.190933 4.3487137 0 P 0 ;0,1=0,2=0.000000
L 0.1978346 3.3149606 0.2194881 3.3149606 0 P 0
L 0.1988188 3.4724409 0.2342519 3.4724409 0 P 0
L 0.1988189 3.4173228 0.234252 3.4173228 0 P 0
L 0.2007873 2.4055119 0.2007873 2.468504 1 P 0
L 0.2007874 0.1692914 0.2007874 0.1850394 0 P 0
L 0.2007874 3.1584646 0.2007874 3.1801181 0 P 0
L 0.2047244 2.4055118 0.2047244 2.4685039 1 P 0
L 0.2047244 2.4055118 0.2362205 2.4055118 1 P 0
L 0.2047244 2.4685039 0.2362205 2.4685039 1 P 0
L 0.2086614 3.3041338 0.2086614 3.3257874 0 P 0
L 0.2096456 2.2047244 0.2312991 2.2047244 0 P 0
L 0.2096456 2.4370079 0.2312992 2.4370079 0 P 0
L 0.2106117 4.3159159 0.2171712 4.3224755 0 P 0 ;0,1=0,2=0.000000
L 0.2106117 4.3552733 0.1974926 4.3552733 0 P 0 ;0,1=0,2=0.000000
L 0.2125984 3.1338582 0.2125984 3.1653543 1 P 0
L 0.2165354 3.1377953 0.2165354 3.2007874 1 P 0
L 0.2165354 3.3996063 0.2165354 3.4350393 0 P 0
L 0.2165354 3.4547244 0.2165354 3.4901574 0 P 0
L 0.2171712 4.3487137 0.2106117 4.3552733 0 P 0 ;0,1=0,2=0.000000
L 0.2204724 0.1574804 0.2204724 0.1958662 1 P 0
L 0.2204724 2.1938976 0.2204724 2.2155512 0 P 0
L 0.2204724 2.4261811 0.2204724 2.4478346 0 P 0
L 0.2283464 2.2874015 0.2283464 2.3188976 1 P 0
L 0.2283464 2.2874015 0.2913385 2.2874015 1 P 0
L 0.2283464 2.3188976 0.2913385 2.3188976 1 P 0
L 0.2302904 4.3224755 0.23685 4.3159159 0 P 0 ;0,1=0,2=0.000000
L 0.2302904 4.3487137 0.2302904 4.3224755 0 P 0 ;0,1=0,2=0.000000
L 0.2303149 -0.0236221 0.2303149 0.051181 1 P 0
L 0.2303151 0.0610235 0.2303151 0.1397636 1 P 0
L 0.2362205 2.4055118 0.2362205 2.4685039 1 P 0
L 0.23685 4.3159159 0.2499691 4.3159159 0 P 0 ;0,1=0,2=0.000000
L 0.23685 4.3552733 0.2302904 4.3487137 0 P 0 ;0,1=0,2=0.000000
L 0.2381889 3.4291338 0.2381889 3.515748 1 P 0
L 0.238189 3.3740157 0.238189 3.4606299 1 P 0
L 0.2401574 3.2992125 0.2401574 3.3307086 1 P 0
L 0.2413386 -0.1655512 0.2413386 0.1454724 1 P 0
L 0.2413386 -0.1655512 0.6405512 -0.1655512 1 P 0
L 0.2413386 0.1454724 0.6405512 0.1454724 1 P 0
L 0.241612 3.4781374 0.241612 3.5214445 1 P 0
L 0.241612 3.4781374 0.3282262 3.4781374 1 P 0
L 0.241612 3.5214445 0.3282262 3.5214445 1 P 0
L 0.2421259 3.2440945 0.2421259 3.3307087 1 P 0
L 0.2421259 3.2440945 0.285433 3.2440945 1 P 0
L 0.2421259 3.3307087 0.285433 3.3307087 1 P 0
L 0.2460629 3.2874016 0.281496 3.2874016 0 P 0
L 0.2480315 3.2047244 0.2480315 3.2440944 1 P 0
L 0.2480315 3.2047244 0.2864173 3.2047244 1 P 0
L 0.2480315 3.2440944 0.2864173 3.2440944 1 P 0
L 0.2490157 2.3031496 0.2706692 2.3031496 0 P 0
L 0.2499691 4.3159159 0.2565286 4.3224755 0 P 0 ;0,1=0,2=0.000000
L 0.2499691 4.3552733 0.23685 4.3552733 0 P 0 ;0,1=0,2=0.000000
L 0.2519684 2.1889763 0.2519684 2.2204724 1 P 0
L 0.2557087 2.0748032 0.2557087 2.2834646 1 P 0
L 0.2557087 2.0748032 0.5198819 2.0748032 1 P 0
L 0.2557087 2.2834646 0.5198819 2.2834646 1 P 0
L 0.2559054 3.1299213 0.2559054 3.1929134 1 P 0
L 0.2559054 3.1299213 0.2874015 3.1299213 1 P 0
L 0.2559054 3.1929134 0.2874015 3.1929134 1 P 0
L 0.2565286 4.3224755 0.2565286 4.3487137 0 P 0 ;0,1=0,2=0.000000
L 0.2565286 4.3487137 0.2499691 4.3552733 0 P 0 ;0,1=0,2=0.000000
L 0.2598425 2.2923228 0.2598425 2.3139764 0 P 0
L 0.2598425 3.2244094 0.2755905 3.2244094 0 P 0
L 0.2608267 3.1614173 0.2824803 3.1614173 0 P 0
L 0.2616142 0.217126 0.2616142 0.4572835 1 P 0
L 0.2637795 3.2696851 0.2637795 3.3051181 0 P 0
L 0.2637796 2.4133859 0.2637796 2.4527559 1 P 0
L 0.2637796 2.4133859 0.3021654 2.4133859 1 P 0
L 0.2637796 2.4527559 0.3021654 2.4527559 1 P 0
L 0.2672026 3.4997909 0.3026356 3.4997909 0 P 0
L 0.2677165 3.2165354 0.2677165 3.2322834 0 P 0
L 0.2677166 0.5944882 0.2677166 0.6338582 1 P 0
L 0.2677166 0.5944882 0.3061024 0.5944882 1 P 0
L 0.2677166 0.6338582 0.3061024 0.6338582 1 P 0
L 0.2696478 4.3224755 0.2762074 4.3159159 0 P 0 ;0,1=0,2=0.000000
L 0.2696478 4.3552733 0.2696478 4.3224755 0 P 0 ;0,1=0,2=0.000000
L 0.2696851 0.4940944 0.2696851 0.5531495 1 P 0
L 0.2696851 0.4940944 0.3051181 0.4940944 1 P 0
L 0.2696851 0.5531495 0.3051181 0.5531495 1 P 0
L 0.2716535 3.1505906 0.2716535 3.1722441 0 P 0
L 0.2716536 3.3897638 0.2716536 3.4212599 1 P 0
L 0.2716536 3.3897638 0.3346457 3.3897638 1 P 0
L 0.2716536 3.4212599 0.3346457 3.4212599 1 P 0
L 0.2755906 2.4330709 0.2913386 2.4330709 0 P 0
L 0.2762074 4.3159159 0.2893265 4.3159159 0 P 0 ;0,1=0,2=0.000000
L 0.2774016 0.523622 0.2970866 0.523622 0 P 0
L 0.2775591 0.2224409 0.2775591 0.3051181 1 P 0
L 0.2775591 0.2224409 0.4232283 0.2224409 1 P 0
L 0.2775591 0.3051181 0.4232283 0.3051181 1 P 0
L 0.2781496 3.4238189 0.2781496 3.4738189 1 P 0
L 0.2781496 3.4238189 0.3281496 3.4238189 1 P 0
L 0.2781496 3.4738189 0.3281496 3.4738189 1 P 0
L 0.2795276 0.6141732 0.2952756 0.6141732 0 P 0
L 0.2834646 2.4251969 0.2834646 2.4409449 0 P 0
L 0.2834646 3.4488189 0.3228347 3.4488189 0 P 0
L 0.2849191 3.4820744 0.2849191 3.5175075 0 P 0
L 0.285433 3.2440945 0.285433 3.3307087 1 P 0
L 0.2864173 3.2047244 0.2864173 3.2440944 1 P 0
L 0.2874015 3.1299213 0.2874015 3.1929134 1 P 0
L 0.2874016 0.513622 0.2874016 0.533307 0 P 0
L 0.2874016 0.6062992 0.2874016 0.6220472 0 P 0
L 0.2893265 4.3159159 0.295886 4.3224755 0 P 0 ;0,1=0,2=0.000000
L 0.2913385 2.2874015 0.2913385 2.3188976 1 P 0
L 0.2923229 3.4055118 0.3139764 3.4055118 0 P 0
L 0.295886 4.3224755 0.295886 4.3552733 0 P 0 ;0,1=0,2=0.000000
L 0.2992126 3.1653543 0.2992126 3.2283464 1 P 0
L 0.2992126 3.1653543 0.3307087 3.1653543 1 P 0
L 0.2992126 3.2283464 0.3307087 3.2283464 1 P 0
L 0.3021654 2.4133859 0.3021654 2.4527559 1 P 0
L 0.3031496 3.394685 0.3031496 3.4163386 0 P 0
L 0.3031496 3.4291339 0.3031496 3.468504 0 P 0
L 0.3041338 3.1968504 0.3257874 3.1968504 0 P 0
L 0.3051181 0.4940944 0.3051181 0.5531495 1 P 0
L 0.3061024 0.5944882 0.3061024 0.6338582 1 P 0
L 0.3090052 4.3159159 0.3090052 4.3552733 0 P 0 ;0,1=0,2=0.000000
L 0.3090052 4.3552733 0.3286839 4.3552733 0 P 0 ;0,1=0,2=0.000000
L 0.3149606 3.1860236 0.3149606 3.2076771 0 P 0
L 0.3149607 0.1496063 0.3149607 0.1811024 1 P 0
L 0.3149607 0.1496063 0.3779528 0.1496063 1 P 0
L 0.3149607 0.1811024 0.3779528 0.1811024 1 P 0
L 0.3149607 0.4330709 0.3149607 0.4724409 1 P 0
L 0.3149607 0.4330709 0.3533465 0.4330709 1 P 0
L 0.3149607 0.4724409 0.3533465 0.4724409 1 P 0
L 0.3221243 4.329035 0.3352434 4.3159159 0 P 0 ;0,1=0,2=0.000000
L 0.3267717 0.4527559 0.3425197 0.4527559 0 P 0
L 0.3281496 3.4238189 0.3281496 3.4738189 1 P 0
L 0.3282262 3.4781374 0.3282262 3.5214445 1 P 0
L 0.3286839 4.329035 0.3090052 4.329035 0 P 0 ;0,1=0,2=0.000000
L 0.3286839 4.3552733 0.3352434 4.3487137 0 P 0 ;0,1=0,2=0.000000
L 0.3307086 3.4251969 0.3307086 3.488189 1 P 0
L 0.3307086 3.4251969 0.3622047 3.4251969 1 P 0
L 0.3307086 3.488189 0.3622047 3.488189 1 P 0
L 0.3307087 0.2637795 0.3700787 0.2637795 0 P 0
L 0.3307087 3.1653543 0.3307087 3.2283464 1 P 0
L 0.3346457 0.4448819 0.3346457 0.4606299 0 P 0
L 0.3346457 3.3897638 0.3346457 3.4212599 1 P 0
L 0.3352434 4.3355946 0.3286839 4.329035 0 P 0 ;0,1=0,2=0.000000
L 0.3352434 4.3487137 0.3352434 4.3355946 0 P 0 ;0,1=0,2=0.000000
L 0.3356299 3.4566929 0.3572835 3.4566929 0 P 0
L 0.33563 0.1653543 0.3572835 0.1653543 0 P 0
L 0.3385826 3.3267717 0.3385826 3.3897638 1 P 0
L 0.3385826 3.3267717 0.3700787 3.3267717 1 P 0
L 0.3385826 3.3897638 0.3700787 3.3897638 1 P 0
L 0.3385827 3.1771653 0.3385827 3.2401574 1 P 0
L 0.3385827 3.1771653 0.3700788 3.1771653 1 P 0
L 0.3385827 3.2401574 0.3700788 3.2401574 1 P 0
L 0.3435039 3.2086614 0.3651575 3.2086614 0 P 0
L 0.3435039 3.3582677 0.3651575 3.3582677 0 P 0
L 0.3464567 0.1545275 0.3464567 0.1761811 0 P 0
L 0.3464567 3.4458662 0.3464567 3.4675197 0 P 0
L 0.3483626 4.3552733 0.3746008 4.3552733 0 P 0 ;0,1=0,2=0.000000
L 0.3503937 0.2440945 0.3503937 0.2834646 0 P 0
L 0.3533465 0.4330709 0.3533465 0.4724409 1 P 0
L 0.3543307 3.1978346 0.3543307 3.2194881 0 P 0
L 0.3543307 3.347441 0.3543307 3.3690945 0 P 0
L 0.3614817 4.3552733 0.3614817 4.3159159 0 P 0 ;0,1=0,2=0.000000
L 0.3622047 3.4251969 0.3622047 3.488189 1 P 0
L 0.3681102 2.1791339 0.4074803 2.1791339 0 P 0
L 0.3700787 3.3267717 0.3700787 3.3897638 1 P 0
L 0.3700788 3.1771653 0.3700788 3.2401574 1 P 0
L 0.3720473 2.4124016 0.3720473 2.4517716 1 P 0
L 0.3720473 2.4124016 0.4104331 2.4124016 1 P 0
L 0.3720473 2.4517716 0.4104331 2.4517716 1 P 0
L 0.3740158 3.1377953 0.3740158 3.1761811 1 P 0
L 0.3740158 3.1377953 0.4133858 3.1377953 1 P 0
L 0.3740158 3.1761811 0.4133858 3.1761811 1 P 0
L 0.3741732 3.2102346 0.3741732 3.3618094 1 P 0
L 0.3741732 3.2102346 0.506063 3.2102346 1 P 0
L 0.3741732 3.3618094 0.506063 3.3618094 1 P 0
L 0.3746008 4.3552733 0.3614817 4.3552733 0 P 0 ;0,1=0,2=0.000000
L 0.3779527 3.3700787 0.3779527 3.4015748 1 P 0
L 0.3779527 3.3700787 0.4409448 3.3700787 1 P 0
L 0.3779527 3.4015748 0.4409448 3.4015748 1 P 0
L 0.3779528 0.1496063 0.3779528 0.1811024 1 P 0
L 0.3779528 0.1496063 0.3779528 0.1811024 1 P 0
L 0.3779528 0.1496063 0.4409449 0.1496063 1 P 0
L 0.3779528 0.1811024 0.4409449 0.1811024 1 P 0
L 0.3838583 2.4320866 0.3996063 2.4320866 0 P 0
L 0.3858268 3.1574803 0.4015748 3.1574803 0 P 0
L 0.38772 4.3487137 0.4008391 4.3355946 0 P 0 ;0,1=0,2=0.000000
L 0.38772 4.3552733 0.38772 4.3487137 0 P 0 ;0,1=0,2=0.000000
L 0.3877953 2.1594489 0.3877953 2.1988189 0 P 0
L 0.3917323 2.4242126 0.3917323 2.4399606 0 P 0
L 0.3937008 3.1496063 0.3937008 3.1653543 0 P 0
L 0.398622 3.3858268 0.4202755 3.3858268 0 P 0
L 0.3986221 0.1653543 0.4202756 0.1653543 0 P 0
L 0.4008391 4.3355946 0.4008391 4.3159159 0 P 0 ;0,1=0,2=0.000000
L 0.4008391 4.3355946 0.4139582 4.3487137 0 P 0 ;0,1=0,2=0.000000
L 0.4015748 2.7992126 0.4409449 2.7992126 0 P 0
L 0.4094488 0.1545275 0.4094488 0.1761811 0 P 0
L 0.4094488 3.375 0.4094488 3.3966536 0 P 0
L 0.4104331 2.4124016 0.4104331 2.4517716 1 P 0
L 0.4133858 3.1377953 0.4133858 3.1761811 1 P 0
L 0.4139582 4.3487137 0.4139582 4.3552733 0 P 0 ;0,1=0,2=0.000000
L 0.4204331 3.286022 0.4598032 3.286022 0 P 0
L 0.4212598 2.7795276 0.4212598 2.8188977 0 P 0
L 0.4212599 -0.0374016 0.4606299 -0.0374016 0 P 0
L 0.4222442 3.7627953 0.4616142 3.7627953 0 P 0
L 0.4232283 0.2224409 0.4232283 0.3051181 1 P 0
L 0.4270774 4.3159159 0.4270774 4.3421541 0 P 0 ;0,1=0,2=0.000000
L 0.4270774 4.3421541 0.4401965 4.3552733 0 P 0 ;0,1=0,2=0.000000
L 0.4311024 0.2303151 0.4311024 0.2618112 1 P 0
L 0.4311024 0.2303151 0.4940945 0.2303151 1 P 0
L 0.4311024 0.2618111 0.4311024 0.2933072 1 P 0
L 0.4311024 0.2618111 0.4940945 0.2618111 1 P 0
L 0.4311024 0.2618112 0.4940945 0.2618112 1 P 0
L 0.4311024 0.2933072 0.4940945 0.2933072 1 P 0
L 0.4370079 0.2972441 0.4370079 0.3366141 1 P 0
L 0.4370079 0.2972441 0.4753937 0.2972441 1 P 0
L 0.4370079 0.3366141 0.4753937 0.3366141 1 P 0
L 0.4401181 3.266337 0.4401181 3.3057071 0 P 0
L 0.4401965 4.3552733 0.4533156 4.3421541 0 P 0 ;0,1=0,2=0.000000
L 0.4409448 3.3700787 0.4409448 3.4015748 1 P 0
L 0.4409448 3.3700788 0.4409448 3.4330709 1 P 0
L 0.4409448 3.3700788 0.4724409 3.3700788 1 P 0
L 0.4409448 3.4330709 0.4724409 3.4330709 1 P 0
L 0.4409449 -0.0570866 0.4409449 -0.0177166 0 P 0
L 0.4409449 0.1496062 0.4409449 0.1811023 1 P 0
L 0.4409449 0.1496062 0.503937 0.1496062 1 P 0
L 0.4409449 0.1496063 0.4409449 0.1811024 1 P 0
L 0.4409449 0.1811023 0.503937 0.1811023 1 P 0
L 0.4419292 3.7431103 0.4419292 3.7824803 0 P 0
L 0.4448819 3.4488188 0.4448819 3.4803149 1 P 0
L 0.4448819 3.4488188 0.507874 3.4488188 1 P 0
L 0.4448819 3.4803149 0.507874 3.4803149 1 P 0
L 0.4458661 3.4015748 0.4675197 3.4015748 0 P 0
L 0.4488189 0.3169291 0.4645669 0.3169291 0 P 0
L 0.4517717 0.2460631 0.4734252 0.2460631 0 P 0
L 0.4517717 0.2775591 0.4734252 0.2775591 0 P 0
L 0.4527559 3.1348425 0.4527559 3.1732283 1 P 0
L 0.4527559 3.1348425 0.4921259 3.1348425 1 P 0
L 0.4527559 3.1732283 0.4921259 3.1732283 1 P 0
L 0.4533156 4.3159159 0.4533156 4.3355946 0 P 0 ;0,1=0,2=0.000000
L 0.4533156 4.3355946 0.4270774 4.3355946 0 P 0 ;0,1=0,2=0.000000
L 0.4533156 4.3421541 0.4533156 4.3159159 0 P 0 ;0,1=0,2=0.000000
L 0.4566929 0.3090551 0.4566929 0.3248031 0 P 0
L 0.4566929 3.3907481 0.4566929 3.4124016 0 P 0
L 0.4606299 0.9232284 0.4606299 0.9665355 1 P 0
L 0.4606299 0.9232284 0.547244 0.9232284 1 P 0
L 0.4606299 0.9665355 0.547244 0.9665355 1 P 0
L 0.4616142 0.1653543 0.4832677 0.1653543 0 P 0
L 0.4625984 0.2352363 0.4625984 0.2568899 0 P 0
L 0.4625984 0.2667323 0.4625984 0.2883859 0 P 0
L 0.4645669 3.1535433 0.4803149 3.1535433 0 P 0
L 0.4655512 3.4645669 0.4872047 3.4645669 0 P 0
L 0.4664348 4.3159159 0.4664348 4.3552733 0 P 0 ;0,1=0,2=0.000000
L 0.4664348 4.3552733 0.4861135 4.3552733 0 P 0 ;0,1=0,2=0.000000
L 0.4724409 3.1456693 0.4724409 3.1614173 0 P 0
L 0.4724409 3.3700788 0.4724409 3.4330709 1 P 0
L 0.472441 0.1545275 0.472441 0.1761811 0 P 0
L 0.4753937 0.2972441 0.4753937 0.3366141 1 P 0
L 0.4763779 3.3818898 0.4763779 3.4448819 1 P 0
L 0.4763779 3.3818898 0.507874 3.3818898 1 P 0
L 0.4763779 3.4448819 0.507874 3.4448819 1 P 0
L 0.476378 3.4537401 0.476378 3.4753937 0 P 0
L 0.4795539 4.329035 0.492673 4.3159159 0 P 0 ;0,1=0,2=0.000000
L 0.480315 2.3740157 0.480315 2.4133857 1 P 0
L 0.480315 2.3740157 0.5187008 2.3740157 1 P 0
L 0.480315 2.4133857 0.5187008 2.4133857 1 P 0
L 0.4812992 3.4133858 0.5029528 3.4133858 0 P 0
L 0.4861135 4.329035 0.4664348 4.329035 0 P 0 ;0,1=0,2=0.000000
L 0.4861135 4.3552733 0.492673 4.3487137 0 P 0 ;0,1=0,2=0.000000
L 0.4872047 0.9448819 0.5206692 0.9448819 0 P 0
L 0.4921259 3.1348425 0.4921259 3.1732283 1 P 0
L 0.492126 2.3937007 0.507874 2.3937007 0 P 0
L 0.492126 3.4025591 0.492126 3.4242126 0 P 0
L 0.492673 4.3355946 0.4861135 4.329035 0 P 0 ;0,1=0,2=0.000000
L 0.492673 4.3487137 0.492673 4.3355946 0 P 0 ;0,1=0,2=0.000000
L 0.4940944 0.198819 0.4940944 0.2618111 1 P 0
L 0.4940944 0.198819 0.5255905 0.198819 1 P 0
L 0.4940944 0.2618111 0.4940944 0.3248032 1 P 0
L 0.4940944 0.2618111 0.5255905 0.2618111 1 P 0
L 0.4940944 0.2618111 0.5255905 0.2618111 1 P 0
L 0.4940944 0.3248032 0.5255905 0.3248032 1 P 0
L 0.4940945 0.2303151 0.4940945 0.2618112 1 P 0
L 0.4940945 0.2618111 0.4940945 0.2933072 1 P 0
L 0.4940945 0.3248034 0.4940945 0.3877955 1 P 0
L 0.4940945 0.3248034 0.5255906 0.3248034 1 P 0
L 0.4940945 0.3877955 0.5255906 0.3877955 1 P 0
L 0.4990157 0.230315 0.5206693 0.230315 0 P 0
L 0.4990157 0.2933071 0.5206693 0.2933071 0 P 0
L 0.4990157 0.3562995 0.5206693 0.3562995 0 P 0
L 0.5 2.3858267 0.5 2.4015747 0 P 0
L 0.503937 0.1496062 0.503937 0.1811023 1 P 0
L 0.503937 0.1496062 0.503937 0.1811023 1 P 0
L 0.503937 0.1496062 0.5669291 0.1496062 1 P 0
L 0.503937 0.1811023 0.5669291 0.1811023 1 P 0
L 0.503937 0.9281496 0.503937 0.9616142 0 P 0
L 0.5057922 4.3159159 0.5254709 4.3159159 0 P 0 ;0,1=0,2=0.000000
L 0.5057922 4.3552733 0.5057922 4.3159159 0 P 0 ;0,1=0,2=0.000000
L 0.506063 3.2102346 0.506063 3.3618094 1 P 0
L 0.507874 3.3818898 0.507874 3.4448819 1 P 0
L 0.507874 3.4488188 0.507874 3.4803149 1 P 0
L 0.5078741 0.6456693 0.5078741 0.6850393 1 P 0
L 0.5078741 0.6456693 0.5462599 0.6456693 1 P 0
L 0.5078741 0.6850393 0.5462599 0.6850393 1 P 0
L 0.5078741 0.7007874 0.5078741 0.7401574 1 P 0
L 0.5078741 0.7007874 0.5462599 0.7007874 1 P 0
L 0.5078741 0.7401574 0.5462599 0.7401574 1 P 0
L 0.5078741 0.7559056 0.5078741 0.7952756 1 P 0
L 0.5078741 0.7559056 0.5462599 0.7559056 1 P 0
L 0.5078741 0.7952756 0.5462599 0.7952756 1 P 0
L 0.5098425 0.2194883 0.5098425 0.2411418 0 P 0
L 0.5098425 0.2824804 0.5098425 0.3041339 0 P 0
L 0.5098425 0.3454727 0.5098425 0.3671262 0 P 0
L 0.5098426 3.3897638 0.5098426 3.476378 1 P 0
L 0.5098426 3.3897638 0.5531497 3.3897638 1 P 0
L 0.5098426 3.476378 0.5531497 3.476378 1 P 0
L 0.5137796 3.4330709 0.5492127 3.4330709 0 P 0
L 0.5187008 2.3740157 0.5187008 2.4133857 1 P 0
L 0.5196851 0.6653543 0.5354331 0.6653543 0 P 0
L 0.5196851 0.7204724 0.5354331 0.7204724 0 P 0
L 0.5196851 0.7755906 0.5354331 0.7755906 0 P 0
L 0.5196851 3.1653544 0.5196851 3.2047244 1 P 0
L 0.5196851 3.1653544 0.5580709 3.1653544 1 P 0
L 0.5196851 3.2047244 0.5580709 3.2047244 1 P 0
L 0.5198819 2.0748032 0.5198819 2.2834646 1 P 0
L 0.5246063 0.1653543 0.5462598 0.1653543 0 P 0
L 0.5254709 4.3159159 0.5320304 4.3224755 0 P 0 ;0,1=0,2=0.000000
L 0.5254709 4.3552733 0.5057922 4.3552733 0 P 0 ;0,1=0,2=0.000000
L 0.5255904 0.2303153 0.5255904 0.2933074 1 P 0
L 0.5255904 0.2303153 0.5570865 0.2303153 1 P 0
L 0.5255904 0.2933074 0.5570865 0.2933074 1 P 0
L 0.5255904 0.2933075 0.5255904 0.3562996 1 P 0
L 0.5255904 0.2933075 0.5570865 0.2933075 1 P 0
L 0.5255904 0.3562996 0.5570865 0.3562996 1 P 0
L 0.5255905 0.198819 0.5255905 0.2618111 1 P 0
L 0.5255905 0.2618111 0.5255905 0.3248032 1 P 0
L 0.5255906 0.3248034 0.5255906 0.3877955 1 P 0
L 0.5255906 0.3562995 0.5255906 0.3877956 1 P 0
L 0.5255906 0.3562995 0.5885827 0.3562995 1 P 0
L 0.5255906 0.3877956 0.5885827 0.3877956 1 P 0
L 0.5275591 0.6574803 0.5275591 0.6732283 0 P 0
L 0.5275591 0.7125984 0.5275591 0.7283464 0 P 0
L 0.5275591 0.7677166 0.5275591 0.7834646 0 P 0
L 0.5275591 2.1850394 0.5275591 2.2165355 1 P 0
L 0.5275591 2.1850394 0.5905512 2.1850394 1 P 0
L 0.5275591 2.2165355 0.5905512 2.2165355 1 P 0
L 0.5275591 2.238189 0.5275591 2.2696851 1 P 0
L 0.5275591 2.238189 0.5905512 2.238189 1 P 0
L 0.5275591 2.2696851 0.5905512 2.2696851 1 P 0
L 0.5295275 1.6653543 0.5295275 1.7519685 1 P 0
L 0.5295275 1.6653543 0.5728346 1.6653543 1 P 0
L 0.5295275 1.7519685 0.5728346 1.7519685 1 P 0
L 0.5295276 2.1397638 0.5295276 2.1712599 1 P 0
L 0.5295276 2.1397638 0.5925197 2.1397638 1 P 0
L 0.5295276 2.1712599 0.5925197 2.1712599 1 P 0
L 0.5305117 0.2618113 0.5521653 0.2618113 0 P 0
L 0.5305117 0.3248035 0.5521653 0.3248035 0 P 0
L 0.5314961 3.1850394 0.5472441 3.1850394 0 P 0
L 0.5314961 3.4153544 0.5314961 3.4507874 0 P 0
L 0.5320304 4.3224755 0.5320304 4.3487137 0 P 0 ;0,1=0,2=0.000000
L 0.5320304 4.3487137 0.5254709 4.3552733 0 P 0 ;0,1=0,2=0.000000
L 0.5334645 1.7086614 0.5688976 1.7086614 0 P 0
L 0.5354331 0.1545275 0.5354331 0.1761811 0 P 0
L 0.5393701 2.3779528 0.5393701 2.4173228 1 P 0
L 0.5393701 2.3779528 0.5777559 2.3779528 1 P 0
L 0.5393701 2.4173228 0.5777559 2.4173228 1 P 0
L 0.5393701 2.4251969 0.5393701 2.4645669 1 P 0
L 0.5393701 2.4251969 0.5777559 2.4251969 1 P 0
L 0.5393701 2.4645669 0.5777559 2.4645669 1 P 0
L 0.5393701 3.1771654 0.5393701 3.1929134 0 P 0
L 0.5413385 0.2509846 0.5413385 0.2726381 0 P 0
L 0.5413385 0.3139768 0.5413385 0.3356303 0 P 0
L 0.5462599 0.3720475 0.5679134 0.3720475 0 P 0
L 0.5462599 0.6456693 0.5462599 0.6850393 1 P 0
L 0.5462599 0.7007874 0.5462599 0.7401574 1 P 0
L 0.5462599 0.7559056 0.5462599 0.7952756 1 P 0
L 0.547244 0.9232284 0.547244 0.9665355 1 P 0
L 0.5482284 2.2007874 0.5698819 2.2007874 0 P 0
L 0.5482284 2.253937 0.5698819 2.253937 0 P 0
L 0.5501969 2.1555118 0.5718504 2.1555118 0 P 0
L 0.5511811 1.6909449 0.5511811 1.7263779 0 P 0
L 0.5511811 2.3976378 0.5669291 2.3976378 0 P 0
L 0.5511811 2.4448819 0.5669291 2.4448819 0 P 0
L 0.5531497 3.3897638 0.5531497 3.476378 1 P 0
L 0.5561025 4.0108268 0.7017717 4.0108268 1 P 0
L 0.5570865 0.2066929 0.5570865 0.238189 1 P 0
L 0.5570865 0.2066929 0.6200786 0.2066929 1 P 0
L 0.5570865 0.2303153 0.5570865 0.2933074 1 P 0
L 0.5570865 0.238189 0.6200786 0.238189 1 P 0
L 0.5570865 0.2933075 0.5570865 0.3562996 1 P 0
L 0.5570866 0.2381892 0.5570866 0.3562994 1 P 0
L 0.5570866 0.2381892 0.6515748 0.2381892 1 P 0
L 0.5570866 0.3562994 0.6515748 0.3562994 1 P 0
L 0.5570866 0.3612207 0.5570866 0.3828743 0 P 0
L 0.5580709 3.1653544 0.5580709 3.2047244 1 P 0
L 0.5590551 2.1899606 0.5590551 2.2116142 0 P 0
L 0.5590551 2.2431102 0.5590551 2.2647638 0 P 0
L 0.5590551 2.3897638 0.5590551 2.4055118 0 P 0
L 0.5590551 2.4370079 0.5590551 2.4527559 0 P 0
L 0.5610236 2.144685 0.5610236 2.1663386 0 P 0
L 0.5629921 0.9291338 0.5629921 0.9606299 1 P 0
L 0.5629921 0.9291338 0.6259842 0.9291338 1 P 0
L 0.5629921 0.9606299 0.6259842 0.9606299 1 P 0
L 0.5629922 0.6190945 0.5629922 0.6574803 1 P 0
L 0.5629922 0.6190945 0.6023622 0.6190945 1 P 0
L 0.5629922 0.6574803 0.6023622 0.6574803 1 P 0
L 0.5629922 0.6732284 0.5629922 0.7125984 1 P 0
L 0.5629922 0.6732284 0.601378 0.6732284 1 P 0
L 0.5629922 0.7125984 0.601378 0.7125984 1 P 0
L 0.5629922 0.7283465 0.5629922 0.7677165 1 P 0
L 0.5629922 0.7283465 0.601378 0.7283465 1 P 0
L 0.5629922 0.7677165 0.601378 0.7677165 1 P 0
L 0.5629922 0.7834646 0.5629922 0.8228346 1 P 0
L 0.5629922 0.7834646 0.601378 0.7834646 1 P 0
L 0.5629922 0.8228346 0.601378 0.8228346 1 P 0
L 0.5629922 3.4488189 0.5629922 3.4872047 1 P 0
L 0.5629922 3.4488189 0.6023622 3.4488189 1 P 0
L 0.5629922 3.4872047 0.6023622 3.4872047 1 P 0
L 0.5669291 0.1496062 0.5669291 0.1811023 1 P 0
L 0.5669292 1.7834646 0.5669292 1.8228346 1 P 0
L 0.5669292 1.7834646 0.605315 1.7834646 1 P 0
L 0.5669292 1.8228346 0.605315 1.8228346 1 P 0
L 0.5728346 1.6653543 0.5728346 1.7519685 1 P 0
L 0.5748032 0.6377953 0.5905512 0.6377953 0 P 0
L 0.5748032 0.6929134 0.5905512 0.6929134 0 P 0
L 0.5748032 0.7480315 0.5905512 0.7480315 0 P 0
L 0.5748032 0.8031496 0.5905512 0.8031496 0 P 0
L 0.5748032 1.9173229 0.5748032 1.9566929 1 P 0
L 0.5748032 1.9173229 0.613189 1.9173229 1 P 0
L 0.5748032 1.9566929 0.613189 1.9566929 1 P 0
L 0.5748032 3.1387795 0.5748032 3.1771653 1 P 0
L 0.5748032 3.1387795 0.6141732 3.1387795 1 P 0
L 0.5748032 3.1771653 0.6141732 3.1771653 1 P 0
L 0.5748032 3.4685039 0.5905512 3.4685039 0 P 0
L 0.5777558 0.222441 0.5994093 0.222441 0 P 0
L 0.5777559 2.3779528 0.5777559 2.4173228 1 P 0
L 0.5777559 2.4251969 0.5777559 2.4645669 1 P 0
L 0.5787402 1.8031496 0.5944882 1.8031496 0 P 0
L 0.5807087 1.6661416 0.5807087 1.7728345 1 P 0
L 0.5807087 1.6661416 0.6712598 1.6661416 1 P 0
L 0.5807087 1.7728345 0.6712598 1.7728345 1 P 0
L 0.5826771 2.4055119 0.5826771 2.468504 1 P 0
L 0.5826771 2.4055119 0.6141732 2.4055119 1 P 0
L 0.5826771 2.468504 0.6141732 2.468504 1 P 0
L 0.5826772 0.6299213 0.5826772 0.6456693 0 P 0
L 0.5826772 0.6850394 0.5826772 0.7007874 0 P 0
L 0.5826772 0.7401575 0.5826772 0.7559055 0 P 0
L 0.5826772 0.7952756 0.5826772 0.8110236 0 P 0
L 0.5826772 3.4606299 0.5826772 3.4763779 0 P 0
L 0.5836614 0.9448819 0.6053149 0.9448819 0 P 0
L 0.5846457 0.2972443 0.6240158 0.2972443 0 P 0
L 0.5866142 1.7952756 0.5866142 1.8110236 0 P 0
L 0.5866142 1.9370079 0.6023622 1.9370079 0 P 0
L 0.5866142 3.1574803 0.6023622 3.1574803 0 P 0
L 0.5875984 2.4370079 0.609252 2.4370079 0 P 0
L 0.5885826 0.2116142 0.5885826 0.2332678 0 P 0
L 0.5885827 0.3562995 0.5885827 0.3877956 1 P 0
L 0.5885827 0.3562995 0.5885827 0.3877956 1 P 0
L 0.5885827 0.3562995 0.6515748 0.3562995 1 P 0
L 0.5885827 0.3877956 0.6515748 0.3877956 1 P 0
L 0.5905512 2.1850394 0.5905512 2.2165355 1 P 0
L 0.5905512 2.238189 0.5905512 2.2696851 1 P 0
L 0.5925197 2.1397638 0.5925197 2.1712599 1 P 0
L 0.5944882 0.9340551 0.5944882 0.9557087 0 P 0
L 0.5944882 1.9291339 0.5944882 1.9448819 0 P 0
L 0.5944882 3.1496063 0.5944882 3.1653543 0 P 0
L 0.5944882 3.3307086 0.5944882 3.3937007 1 P 0
L 0.5944882 3.3307086 0.6259843 3.3307086 1 P 0
L 0.5944882 3.3937007 0.5944882 3.4251968 1 P 0
L 0.5944882 3.3937007 0.6259843 3.3937007 1 P 0
L 0.5944882 3.3937007 0.6574803 3.3937007 1 P 0
L 0.5944882 3.4251968 0.6574803 3.4251968 1 P 0
L 0.5954725 0.1515748 0.5954725 0.1909448 1 P 0
L 0.5954725 0.1515748 0.6338583 0.1515748 1 P 0
L 0.5954725 0.1909448 0.6338583 0.1909448 1 P 0
L 0.5984252 2.4261812 0.5984252 2.4478347 0 P 0
L 0.5994094 3.3622047 0.621063 3.3622047 0 P 0
L 0.601378 0.6732284 0.601378 0.7125984 1 P 0
L 0.601378 0.7283465 0.601378 0.7677165 1 P 0
L 0.601378 0.7834646 0.601378 0.8228346 1 P 0
L 0.6023622 0.6190945 0.6023622 0.6574803 1 P 0
L 0.6023622 3.4488189 0.6023622 3.4872047 1 P 0
L 0.6043307 0.2775592 0.6043307 0.3169293 0 P 0
L 0.605315 1.7834646 0.605315 1.8228346 1 P 0
L 0.6062992 1.7194881 0.6456693 1.7194881 0 P 0
L 0.6062993 3.1811024 0.6062993 3.2204724 1 P 0
L 0.6062993 3.1811024 0.6446851 3.1811024 1 P 0
L 0.6062993 3.2204724 0.6446851 3.2204724 1 P 0
L 0.6072835 0.1712598 0.6230315 0.1712598 0 P 0
L 0.609252 0.3720475 0.6309055 0.3720475 0 P 0
L 0.6102362 3.2283465 0.6102362 3.2913386 1 P 0
L 0.6102362 3.2283465 0.6417323 3.2283465 1 P 0
L 0.6102362 3.2913386 0.6417323 3.2913386 1 P 0
L 0.6102362 3.3513779 0.6102362 3.3730314 0 P 0
L 0.6102363 1.7795276 0.6102363 1.8110237 1 P 0
L 0.6102363 1.7795276 0.6732284 1.7795276 1 P 0
L 0.6102363 1.8110237 0.6732284 1.8110237 1 P 0
L 0.6102363 3.4409448 0.6102363 3.5039369 1 P 0
L 0.6102363 3.4409448 0.6417324 3.4409448 1 P 0
L 0.6102363 3.5039369 0.6417324 3.5039369 1 P 0
L 0.613189 1.9173229 0.613189 1.9566929 1 P 0
L 0.6141732 2.4055119 0.6141732 2.468504 1 P 0
L 0.6141732 3.1387795 0.6141732 3.1771653 1 P 0
L 0.6151575 0.1633858 0.6151575 0.1791338 0 P 0
L 0.6151575 3.2598425 0.6368111 3.2598425 0 P 0
L 0.6151575 3.4094488 0.636811 3.4094488 0 P 0
L 0.6151575 3.4724409 0.6368111 3.4724409 0 P 0
L 0.6181102 0.5708662 0.6181102 0.6102362 1 P 0
L 0.6181102 0.5708662 0.656496 0.5708662 1 P 0
L 0.6181102 0.6102362 0.656496 0.6102362 1 P 0
L 0.6181103 3.1299213 0.6181103 3.1614174 1 P 0
L 0.6181103 3.1299213 0.6811024 3.1299213 1 P 0
L 0.6181103 3.1614174 0.6811024 3.1614174 1 P 0
L 0.6181103 3.2007874 0.6338583 3.2007874 0 P 0
L 0.6200786 0.2066929 0.6200786 0.238189 1 P 0
L 0.6200787 0.3612207 0.6200787 0.3828743 0 P 0
L 0.6220471 2.4055119 0.6220471 2.468504 1 P 0
L 0.6220471 2.4055119 0.6535432 2.4055119 1 P 0
L 0.6220471 2.468504 0.6535432 2.468504 1 P 0
L 0.6259842 0.9291338 0.6259842 0.9606299 1 P 0
L 0.6259843 1.699803 0.6259843 1.7391731 0 P 0
L 0.6259843 3.1929134 0.6259843 3.2086614 0 P 0
L 0.6259843 3.2490158 0.6259843 3.2706693 0 P 0
L 0.6259843 3.3307086 0.6259843 3.3937007 1 P 0
L 0.6259843 3.398622 0.6259843 3.4202756 0 P 0
L 0.6259843 3.4616141 0.6259843 3.4832676 0 P 0
L 0.6269684 2.4370079 0.648622 2.4370079 0 P 0
L 0.6279527 0.6338582 0.6279527 0.8188975 1 P 0
L 0.6279527 0.6338582 0.812992 0.6338582 1 P 0
L 0.6279527 0.8188975 0.812992 0.8188975 1 P 0
L 0.6299212 0.5905512 0.6456692 0.5905512 0 P 0
L 0.6309056 1.7952756 0.6525591 1.7952756 0 P 0
L 0.6338582 0.8503936 0.6338582 0.8818897 1 P 0
L 0.6338582 0.8503936 0.6968503 0.8503936 1 P 0
L 0.6338582 0.8818897 0.6968503 0.8818897 1 P 0
L 0.6338583 0.1515748 0.6338583 0.1909448 1 P 0
L 0.6338583 0.9301181 0.6338583 0.9990157 1 P 0
L 0.6338583 0.9301181 0.6968504 0.9301181 1 P 0
L 0.6338583 0.9990157 0.6968504 0.9990157 1 P 0
L 0.6377952 0.5826772 0.6377952 0.5984252 0 P 0
L 0.6377952 2.4261812 0.6377952 2.4478347 0 P 0
L 0.6377954 3.3297244 0.6377954 3.3907481 1 P 0
L 0.6377954 3.3297244 0.6850395 3.3297244 1 P 0
L 0.6377954 3.3907481 0.6850395 3.3907481 1 P 0
L 0.6387796 3.1456693 0.6604331 3.1456693 0 P 0
L 0.6405512 -0.1655512 0.6405512 0.1454724 1 P 0
L 0.6417323 1.7844488 0.6417323 1.8061024 0 P 0
L 0.6417323 3.2283465 0.6417323 3.2913386 1 P 0
L 0.6417324 3.4409448 0.6417324 3.5039369 1 P 0
L 0.6446851 3.1811024 0.6446851 3.2204724 1 P 0
L 0.6456692 0.035433 0.6456692 0.2130904 1 P 0
L 0.6456692 0.035433 1.0748031 0.035433 1 P 0
L 0.6456692 0.2130904 1.0748031 0.2130904 1 P 0
L 0.6456693 0.9645669 0.6850394 0.9645669 0 P 0
L 0.6474409 3.194882 0.6474409 3.2854331 1 P 0
L 0.6474409 3.194882 0.7541338 3.194882 1 P 0
L 0.6474409 3.2854331 0.7541338 3.2854331 1 P 0
L 0.6496063 3.1348425 0.6496063 3.1564961 0 P 0
L 0.6496063 3.4379921 0.6496063 3.4990158 1 P 0
L 0.6496063 3.4379921 0.6968504 3.4379921 1 P 0
L 0.6496063 3.4990158 0.6968504 3.4990158 1 P 0
L 0.6515747 0.2224409 0.6515747 0.253937 1 P 0
L 0.6515747 0.2224409 0.7145668 0.2224409 1 P 0
L 0.6515747 0.253937 0.7145668 0.253937 1 P 0
L 0.6515747 0.2618114 0.6515747 0.3248035 1 P 0
L 0.6515747 0.2618114 0.6830708 0.2618114 1 P 0
L 0.6515747 0.3248035 0.6515747 0.3877956 1 P 0
L 0.6515747 0.3248035 0.6830708 0.3248035 1 P 0
L 0.6515747 0.3248035 0.6830708 0.3248035 1 P 0
L 0.6515747 0.3877956 0.6830708 0.3877956 1 P 0
L 0.6515748 0.2381892 0.6515748 0.3562994 1 P 0
L 0.6515748 0.3562995 0.6515748 0.3877956 1 P 0
L 0.6515749 3.3602362 0.6712599 3.3602362 0 P 0
L 0.6535432 2.4055119 0.6535432 2.468504 1 P 0
L 0.6535434 3.1614174 0.6535434 3.1929135 1 P 0
L 0.6535434 3.1614174 0.7165355 3.1614174 1 P 0
L 0.6535434 3.1929135 0.7165355 3.1929135 1 P 0
L 0.6545275 0.8661417 0.676181 0.8661417 0 P 0
L 0.656496 0.2933074 0.6781496 0.2933074 0 P 0
L 0.656496 0.3562995 0.6781496 0.3562995 0 P 0
L 0.656496 0.5708662 0.656496 0.6102362 1 P 0
L 0.6574803 3.3937007 0.6574803 3.4251968 1 P 0
L 0.6614174 3.3503937 0.6614174 3.3700787 0 P 0
L 0.6633858 3.4685039 0.6830708 3.4685039 0 P 0
L 0.6643701 0.4064961 0.6643701 0.4458661 1 P 0
L 0.6643701 0.4064961 0.7027559 0.4064961 1 P 0
L 0.6643701 0.4458661 0.7027559 0.4458661 1 P 0
L 0.6653543 0.8553149 0.6653543 0.8769685 0 P 0
L 0.6653543 0.9448819 0.6653543 0.984252 0 P 0
L 0.6653544 3.2952756 0.6653544 3.3267717 1 P 0
L 0.6653544 3.2952756 0.7283465 3.2952756 1 P 0
L 0.6653544 3.3267717 0.7283465 3.3267717 1 P 0
L 0.6673228 0.2824807 0.6673228 0.3041342 0 P 0
L 0.6673228 0.3454728 0.6673228 0.3671263 0 P 0
L 0.6712598 1.6661416 0.6712598 1.7728345 1 P 0
L 0.672244 0.238189 0.6938975 0.238189 0 P 0
L 0.6732283 3.4586614 0.6732283 3.4783464 0 P 0
L 0.6732284 0.5708662 0.6732284 0.6102362 1 P 0
L 0.6732284 0.5708662 0.7116142 0.5708662 1 P 0
L 0.6732284 0.6102362 0.7116142 0.6102362 1 P 0
L 0.6732284 1.7795276 0.6732284 1.8110237 1 P 0
L 0.6742127 3.1771654 0.6958662 3.1771654 0 P 0
L 0.6761811 0.4261811 0.6919291 0.4261811 0 P 0
L 0.6771654 1.6574802 0.6771654 1.7204723 1 P 0
L 0.6771654 1.6574802 0.7086615 1.6574802 1 P 0
L 0.6771654 1.7204723 0.7086615 1.7204723 1 P 0
L 0.6771654 1.7204724 0.6771654 1.7834645 1 P 0
L 0.6771654 1.7204724 0.7086615 1.7204724 1 P 0
L 0.6771654 1.7834645 0.7086615 1.7834645 1 P 0
L 0.6771654 3.3976378 0.6771654 3.4291339 1 P 0
L 0.6771654 3.3976378 0.7401575 3.3976378 1 P 0
L 0.6771654 3.4291339 0.7401575 3.4291339 1 P 0
L 0.6811023 3.1299212 0.6811023 3.1614173 1 P 0
L 0.6811023 3.1299212 0.7440944 3.1299212 1 P 0
L 0.6811023 3.1614173 0.7440944 3.1614173 1 P 0
L 0.6811023 3.2401575 0.7204724 3.2401575 0 P 0
L 0.6811024 3.1299213 0.6811024 3.1614174 1 P 0
L 0.6820866 1.6889763 0.7037402 1.6889763 0 P 0
L 0.6820866 1.7519685 0.7037402 1.7519685 0 P 0
L 0.6830708 0.2273622 0.6830708 0.2490158 0 P 0
L 0.6830708 0.2618113 0.6830708 0.3248034 1 P 0
L 0.6830708 0.2618113 0.7145669 0.2618113 1 P 0
L 0.6830708 0.2618114 0.6830708 0.3248035 1 P 0
L 0.6830708 0.3248034 0.6830708 0.3877955 1 P 0
L 0.6830708 0.3248034 0.7145669 0.3248034 1 P 0
L 0.6830708 0.3248034 0.7145669 0.3248034 1 P 0
L 0.6830708 0.3248035 0.6830708 0.3877956 1 P 0
L 0.6830708 0.3877955 0.7145669 0.3877955 1 P 0
L 0.6840551 0.4183071 0.6840551 0.4340551 0 P 0
L 0.6844094 -0.051811 0.6844094 0.028189 1 P 0
L 0.6844094 -0.051811 0.7644094 -0.051811 1 P 0
L 0.6844094 0.028189 0.7244094 0.028189 1 P 0
L 0.6850394 0.5905512 0.7007874 0.5905512 0 P 0
L 0.6850394 3.1663386 0.6850394 3.1879922 0 P 0
L 0.6850395 3.3297244 0.6850395 3.3907481 1 P 0
L 0.6860237 3.3110236 0.7076772 3.3110236 0 P 0
L 0.687992 0.2933074 0.7096456 0.2933074 0 P 0
L 0.687992 0.3562995 0.7096456 0.3562995 0 P 0
L 0.6889764 3.3307086 0.6889764 3.3937007 1 P 0
L 0.6889764 3.3307086 0.7204725 3.3307086 1 P 0
L 0.6889764 3.3937007 0.7204725 3.3937007 1 P 0
L 0.6929134 0.5826772 0.6929134 0.5984252 0 P 0
L 0.6929134 1.6781495 0.6929134 1.699803 0 P 0
L 0.6929134 1.7411417 0.6929134 1.7627952 0 P 0
L 0.6938976 3.3622047 0.7155512 3.3622047 0 P 0
L 0.6968503 0.8503936 0.6968503 0.8818897 1 P 0
L 0.6968504 0.8503937 0.6968504 0.8818898 1 P 0
L 0.6968504 0.8503937 0.7598425 0.8503937 1 P 0
L 0.6968504 0.8818898 0.7598425 0.8818898 1 P 0
L 0.6968504 0.9301181 0.6968504 0.9990157 1 P 0
L 0.6968504 3.3001968 0.6968504 3.3218504 0 P 0
L 0.6968504 3.4379921 0.6968504 3.4990158 1 P 0
L 0.6978347 3.4133858 0.7194882 3.4133858 0 P 0
L 0.6988188 0.2824806 0.6988188 0.3041341 0 P 0
L 0.6988188 0.3454727 0.6988188 0.3671262 0 P 0
L 0.7007873 0.7263779 0.7401574 0.7263779 0 P 0
L 0.7007874 3.2204725 0.7007874 3.2598426 0 P 0
L 0.7007874 3.4370078 0.7007874 3.4999999 1 P 0
L 0.7007874 3.4370078 0.7322835 3.4370078 1 P 0
L 0.7007874 3.4999999 0.7322835 3.4999999 1 P 0
L 0.7017716 3.1456693 0.7234251 3.1456693 0 P 0
L 0.7017717 3.5226378 0.7017717 4.0108268 1 P 0
L 0.7027559 0.4064961 0.7027559 0.4458661 1 P 0
L 0.7047244 3.3513779 0.7047244 3.3730314 0 P 0
L 0.7057086 3.4685039 0.7273622 3.4685039 0 P 0
L 0.7086614 3.402559 0.7086614 3.4242126 0 P 0
L 0.7086615 1.6574802 0.7086615 1.7204723 1 P 0
L 0.7086615 1.7204724 0.7086615 1.7834645 1 P 0
L 0.7094094 -0.011811 0.7394094 -0.011811 0 P 0
L 0.7106298 0.9921259 0.7106298 1.023622 1 P 0
L 0.7106298 0.9921259 0.7736219 0.9921259 1 P 0
L 0.7106298 1.023622 0.7736219 1.023622 1 P 0
L 0.7116142 0.5708662 0.7116142 0.6102362 1 P 0
L 0.7125984 3.1348425 0.7125984 3.1564961 0 P 0
L 0.7145668 0.2224409 0.7145668 0.253937 1 P 0
L 0.7145669 0.2618113 0.7145669 0.3248034 1 P 0
L 0.7145669 0.3248034 0.7145669 0.3877955 1 P 0
L 0.7165354 3.4576771 0.7165354 3.4793306 0 P 0
L 0.7165355 3.1614174 0.7165355 3.1929135 1 P 0
L 0.7175197 0.8661417 0.7391732 0.8661417 0 P 0
L 0.7204724 0.7066928 0.7204724 0.7460629 0 P 0
L 0.7204725 3.3307086 0.7204725 3.3937007 1 P 0
L 0.7244094 -0.011811 0.7244094 0.003189 0 P 0
L 0.7244094 -0.011811 0.7394094 -0.011811 0 P 0
L 0.7244094 -0.026811 0.7244094 0.003189 0 P 0
L 0.7244094 0.028189 0.7644094 0.028189 1 P 0
L 0.7244094 0.9498031 0.7244094 0.9881889 1 P 0
L 0.7244094 0.9498031 0.7637794 0.9498031 1 P 0
L 0.7244094 0.9881889 0.7637794 0.9881889 1 P 0
L 0.7283464 0.8553149 0.7283464 0.8769685 0 P 0
L 0.7283465 0.5708662 0.7283465 0.6102362 1 P 0
L 0.7283465 0.5708662 0.7667323 0.5708662 1 P 0
L 0.7283465 0.6102362 0.7667323 0.6102362 1 P 0
L 0.7283465 3.2952756 0.7283465 3.3267717 1 P 0
L 0.7312991 1.007874 0.7529526 1.007874 0 P 0
L 0.7322835 3.4370078 0.7322835 3.4999999 1 P 0
L 0.7362204 0.9685039 0.7519684 0.9685039 0 P 0
L 0.7401575 0.5905512 0.7559055 0.5905512 0 P 0
L 0.7401575 1.7165355 0.7401575 1.7549213 1 P 0
L 0.7401575 1.7165355 0.7795275 1.7165355 1 P 0
L 0.7401575 1.7549213 0.7795275 1.7549213 1 P 0
L 0.7401575 3.3582678 0.7401575 3.3976378 1 P 0
L 0.7401575 3.3582678 0.7785433 3.3582678 1 P 0
L 0.7401575 3.3976378 0.7401575 3.4291339 1 P 0
L 0.7401575 3.3976378 0.7785433 3.3976378 1 P 0
L 0.7421258 1.0846456 0.7421258 1.1161417 1 P 0
L 0.7421258 1.0846456 0.8051179 1.0846456 1 P 0
L 0.7421258 1.1161417 0.8051179 1.1161417 1 P 0
L 0.7421259 0.9970472 0.7421259 1.0187008 0 P 0
L 0.7440944 0.9606299 0.7440944 0.9763779 0 P 0
L 0.7440944 3.1299212 0.7440944 3.1614173 1 P 0
L 0.746063 3.6141733 0.746063 3.6929134 1 P 0
L 0.746063 3.6141733 0.8996064 3.6141733 1 P 0
L 0.746063 3.6929134 0.8996064 3.6929134 1 P 0
L 0.7480315 0.5826772 0.7480315 0.5984252 0 P 0
L 0.7480315 1.6535433 0.7480315 1.6850394 1 P 0
L 0.7480315 1.6535433 0.8110236 1.6535433 1 P 0
L 0.7480315 1.6850394 0.8110236 1.6850394 1 P 0
L 0.7480315 1.8346456 0.7480315 1.8661417 1 P 0
L 0.7480315 1.8346456 0.8110236 1.8346456 1 P 0
L 0.7480315 1.8661417 0.8110236 1.8661417 1 P 0
L 0.7480315 3.5255906 0.7480315 3.6003937 1 P 0
L 0.7480315 3.5255906 0.8818898 3.5255906 1 P 0
L 0.7480315 3.6003937 0.8818898 3.6003937 1 P 0
L 0.7490157 1.6043307 0.7490157 1.6476377 1 P 0
L 0.7490157 1.6043307 0.8336614 1.6043307 1 P 0
L 0.7490157 1.6476377 0.8336614 1.6476377 1 P 0
L 0.75 2.4704725 0.75 3.1279528 1 P 0
L 0.7509841 1.0344488 0.7509841 1.0797244 1 P 0
L 0.7509841 1.0344488 0.7962597 1.0344488 1 P 0
L 0.7509841 1.0797244 0.7962597 1.0797244 1 P 0
L 0.7519685 1.7362205 0.7677165 1.7362205 0 P 0
L 0.7519685 2.6377952 0.7519685 2.7007873 1 P 0
L 0.7519685 2.6377952 0.7834646 2.6377952 1 P 0
L 0.7519685 2.7007873 0.7834646 2.7007873 1 P 0
L 0.7519685 3.3779528 0.7677165 3.3779528 0 P 0
L 0.7529527 1.785433 0.7529527 1.82874 1 P 0
L 0.7529527 1.785433 0.8375984 1.785433 1 P 0
L 0.7529527 1.82874 0.8375984 1.82874 1 P 0
L 0.7541338 3.194882 0.7541338 3.2854331 1 P 0
L 0.7559054 3.2086615 0.7559054 3.2716536 1 P 0
L 0.7559054 3.2086615 0.7874015 3.2086615 1 P 0
L 0.7559054 3.2716536 0.7874015 3.2716536 1 P 0
L 0.7559055 2.5078739 0.7559055 2.53937 1 P 0
L 0.7559055 2.5078739 0.8188976 2.5078739 1 P 0
L 0.7559055 2.53937 0.8188976 2.53937 1 P 0
L 0.7568897 2.6692913 0.7785433 2.6692913 0 P 0
L 0.7578739 1.0570866 0.7893699 1.0570866 0 P 0
L 0.7598425 0.8503937 0.7598425 0.8818898 1 P 0
L 0.7598425 1.7283465 0.7598425 1.7440945 0 P 0
L 0.7598425 2.9409448 0.7598425 2.9724409 1 P 0
L 0.7598425 2.9409448 0.8228346 2.9409448 1 P 0
L 0.7598425 2.9724409 0.8228346 2.9724409 1 P 0
L 0.7598425 3.3700788 0.7598425 3.3858268 0 P 0
L 0.7598426 0.2322835 0.7598426 0.2716535 1 P 0
L 0.7598426 0.2322835 0.7982284 0.2322835 1 P 0
L 0.7598426 0.2716535 0.7982284 0.2716535 1 P 0
L 0.7598426 2.4488189 0.7598426 2.4881889 1 P 0
L 0.7598426 2.4488189 0.7982284 2.4488189 1 P 0
L 0.7598426 2.4881889 0.7982284 2.4881889 1 P 0
L 0.7598426 2.980315 0.7598426 3.0118111 1 P 0
L 0.7598426 2.980315 0.8228347 2.980315 1 P 0
L 0.7598426 3.0118111 0.8228347 3.0118111 1 P 0
L 0.7598426 3.0669292 0.7598426 3.0984253 1 P 0
L 0.7598426 3.0669292 0.8228347 3.0669292 1 P 0
L 0.7598426 3.0984253 0.8228347 3.0984253 1 P 0
L 0.7608267 3.0157481 0.7608267 3.0629922 1 P 0
L 0.7608267 3.0157481 0.8218504 3.0157481 1 P 0
L 0.7608267 3.0629922 0.8218504 3.0629922 1 P 0
L 0.7608267 3.2401575 0.7824803 3.2401575 0 P 0
L 0.7627951 1.1003937 0.7844486 1.1003937 0 P 0
L 0.7637794 0.9498031 0.7637794 0.9881889 1 P 0
L 0.7637795 2.8464567 0.7637795 2.9163388 1 P 0
L 0.7637795 2.8464567 0.8188977 2.8464567 1 P 0
L 0.7637795 2.9163388 0.7637795 2.9330709 1 P 0
L 0.7637795 2.9330709 0.8188977 2.9330709 1 P 0
L 0.7637796 1.8740157 0.7637796 1.9133857 1 P 0
L 0.7637796 1.8740157 0.8021654 1.8740157 1 P 0
L 0.7637796 1.9133857 0.8021654 1.9133857 1 P 0
L 0.7644094 -0.051811 0.7644094 0.028189 1 P 0
L 0.7667323 0.5708662 0.7667323 0.6102362 1 P 0
L 0.7677165 2.6584645 0.7677165 2.680118 0 P 0
L 0.7687008 1.6692913 0.7903543 1.6692913 0 P 0
L 0.7687008 1.8503936 0.7903543 1.8503936 0 P 0
L 0.7716535 1.6259842 0.8110236 1.6259842 0 P 0
L 0.7716535 3.2293308 0.7716535 3.2509843 0 P 0
L 0.7716536 0.2519685 0.7874016 0.2519685 0 P 0
L 0.7716536 2.4685039 0.7874016 2.4685039 0 P 0
L 0.7716536 2.8897638 0.7913386 2.8897638 0 P 0
L 0.7716536 2.8897638 0.8110236 2.8897638 0 P 0
L 0.7736219 0.9921259 0.7736219 1.023622 1 P 0
L 0.7736219 1.0423228 0.7736219 1.0718504 0 P 0
L 0.7736219 1.0895669 0.7736219 1.1112205 0 P 0
L 0.773622 0.9488189 0.773622 0.9872047 1 P 0
L 0.773622 0.9488189 0.812992 0.9488189 1 P 0
L 0.773622 0.9872047 0.812992 0.9872047 1 P 0
L 0.773622 0.992126 0.773622 1.0236221 1 P 0
L 0.773622 0.992126 0.8366141 0.992126 1 P 0
L 0.773622 1.0236221 0.8366141 1.0236221 1 P 0
L 0.773622 3.1240157 0.773622 3.1555118 1 P 0
L 0.773622 3.1240157 0.8366141 3.1240157 1 P 0
L 0.773622 3.1555118 0.8366141 3.1555118 1 P 0
L 0.7755905 1.8070865 0.8149606 1.8070865 0 P 0
L 0.7755905 3.1633859 0.7755905 3.2066929 1 P 0
L 0.7755905 3.1633859 0.8700787 3.1633859 1 P 0
L 0.7755905 3.2066929 0.8700787 3.2066929 1 P 0
L 0.7755906 1.8937007 0.7913386 1.8937007 0 P 0
L 0.7765748 2.523622 0.7982283 2.523622 0 P 0
L 0.7785433 3.3582678 0.7785433 3.3976378 1 P 0
L 0.7795275 1.6584645 0.7795275 1.6801181 0 P 0
L 0.7795275 1.7165355 0.7795275 1.7549213 1 P 0
L 0.7795275 1.8395668 0.7795275 1.8612204 0 P 0
L 0.7795276 0.2440945 0.7795276 0.2598425 0 P 0
L 0.7795276 2.4606299 0.7795276 2.4763779 0 P 0
L 0.7805118 0.3307087 0.7805118 0.3700787 1 P 0
L 0.7805118 0.3307087 0.8188976 0.3307087 1 P 0
L 0.7805118 0.3700787 0.8188976 0.3700787 1 P 0
L 0.7805118 2.9566929 0.8021653 2.9566929 0 P 0
L 0.7805119 2.996063 0.8021654 2.996063 0 P 0
L 0.7805119 3.0826772 0.8021654 3.0826772 0 P 0
L 0.781496 0.8366142 0.781496 0.8996063 1 P 0
L 0.781496 0.8366142 0.8129921 0.8366142 1 P 0
L 0.781496 0.8996063 0.8129921 0.8996063 1 P 0
L 0.7814961 3.0393701 0.8011811 3.0393701 0 P 0
L 0.7834645 2.6141733 0.7834645 2.6771654 1 P 0
L 0.7834645 2.6141733 0.8149606 2.6141733 1 P 0
L 0.7834645 2.6771654 0.8149606 2.6771654 1 P 0
L 0.7834646 0.5708662 0.7834646 0.6102362 1 P 0
L 0.7834646 0.5708662 0.8218504 0.5708662 1 P 0
L 0.7834646 0.6102362 0.8218504 0.6102362 1 P 0
L 0.7834646 1.8858267 0.7834646 1.9015747 0 P 0
L 0.7834646 2.5590552 0.7834646 2.597441 1 P 0
L 0.7834646 2.5590552 0.8228346 2.5590552 1 P 0
L 0.7834646 2.597441 0.8228346 2.597441 1 P 0
L 0.7834646 2.6377952 0.7834646 2.7007873 1 P 0
L 0.785433 0.9685039 0.801181 0.9685039 0 P 0
L 0.7864173 0.8681102 0.8080709 0.8681102 0 P 0
L 0.7874015 3.2086615 0.7874015 3.2716536 1 P 0
L 0.7874016 2.5127952 0.7874016 2.5344488 0 P 0
L 0.7883858 2.6456693 0.8100394 2.6456693 0 P 0
L 0.7913386 0.3503937 0.8070866 0.3503937 0 P 0
L 0.7913386 1.6062992 0.7913386 1.6456692 0 P 0
L 0.7913386 2.8700788 0.7913386 2.8897638 0 P 0
L 0.7913386 2.8700788 0.7913386 2.9094488 0 P 0
L 0.7913386 2.8897638 0.8110236 2.8897638 0 P 0
L 0.7913386 2.9458661 0.7913386 2.9675197 0 P 0
L 0.7913386 2.9852362 0.7913386 3.0068898 0 P 0
L 0.7913386 3.0295276 0.7913386 3.0492126 0 P 0
L 0.7913386 3.0718504 0.7913386 3.093504 0 P 0
L 0.793307 0.9606299 0.793307 0.9763779 0 P 0
L 0.7942913 1.007874 0.8159448 1.007874 0 P 0
L 0.7942913 3.1397638 0.8159448 3.1397638 0 P 0
L 0.7952756 0.5905512 0.8110236 0.5905512 0 P 0
L 0.7952756 1.7874015 0.7952756 1.8267715 0 P 0
L 0.7952756 2.5787402 0.8110236 2.5787402 0 P 0
L 0.7952756 3.2165355 0.7952756 3.2559055 1 P 0
L 0.7952756 3.2165355 0.8336614 3.2165355 1 P 0
L 0.7952756 3.2559055 0.8336614 3.2559055 1 P 0
L 0.7952756 3.5629921 0.8346457 3.5629921 0 P 0
L 0.7962597 1.0344488 0.7962597 1.0797244 1 P 0
L 0.7972441 0.8572835 0.7972441 0.878937 0 P 0
L 0.7972441 3.2972441 0.7972441 3.3956693 1 P 0
L 0.7972441 3.2972441 0.8799213 3.2972441 1 P 0
L 0.7972441 3.3956693 0.8799213 3.3956693 1 P 0
L 0.7982284 0.2322835 0.7982284 0.2716535 1 P 0
L 0.7982284 2.4488189 0.7982284 2.4881889 1 P 0
L 0.7992126 0.3425197 0.7992126 0.3582677 0 P 0
L 0.7992126 1.5590551 0.7992126 1.5984251 1 P 0
L 0.7992126 1.5590551 0.8375984 1.5590551 1 P 0
L 0.7992126 1.5984251 0.8375984 1.5984251 1 P 0
L 0.7992126 2.6348426 0.7992126 2.6564961 0 P 0
L 0.8021654 1.8740157 0.8021654 1.9133857 1 P 0
L 0.8031496 0.2322835 0.8031496 0.2716535 1 P 0
L 0.8031496 0.2322835 0.8415354 0.2322835 1 P 0
L 0.8031496 0.2716535 0.8415354 0.2716535 1 P 0
L 0.8031496 0.5826772 0.8031496 0.5984252 0 P 0
L 0.8031496 2.5708662 0.8031496 2.5866142 0 P 0
L 0.8031496 3.1850394 0.8425196 3.1850394 0 P 0
L 0.8031497 3.6535433 0.8425197 3.6535433 0 P 0
L 0.8051179 1.0846456 0.8051179 1.1161417 1 P 0
L 0.805118 0.9970472 0.805118 1.0187008 0 P 0
L 0.8051181 3.128937 0.8051181 3.1505906 0 P 0
L 0.8070866 3.2362205 0.8228346 3.2362205 0 P 0
L 0.8110236 1.5787401 0.8267716 1.5787401 0 P 0
L 0.8110236 1.6535433 0.8110236 1.6850394 1 P 0
L 0.8110236 1.8346456 0.8110236 1.8661417 1 P 0
L 0.8120078 1.7204724 0.8120078 1.7598424 1 P 0
L 0.8120078 1.7204724 0.8503936 1.7204724 1 P 0
L 0.8120078 1.7598424 0.8503936 1.7598424 1 P 0
L 0.8120078 1.9015747 0.8120078 1.9409447 1 P 0
L 0.8120078 1.9015747 0.8503936 1.9015747 1 P 0
L 0.8120078 1.9409447 0.8503936 1.9409447 1 P 0
L 0.812992 0.6338582 0.812992 0.8188975 1 P 0
L 0.812992 0.9488189 0.812992 0.9872047 1 P 0
L 0.8129921 0.8366142 0.8129921 0.8996063 1 P 0
L 0.8149605 1.6535433 0.8149605 1.7165354 1 P 0
L 0.8149605 1.6535433 0.8464566 1.6535433 1 P 0
L 0.8149605 1.7165354 0.8464566 1.7165354 1 P 0
L 0.8149605 1.8346456 0.8149605 1.8976377 1 P 0
L 0.8149605 1.8346456 0.8464566 1.8346456 1 P 0
L 0.8149605 1.8976377 0.8464566 1.8976377 1 P 0
L 0.8149606 0.2519685 0.8307086 0.2519685 0 P 0
L 0.8149606 2.6141733 0.8149606 2.6771654 1 P 0
L 0.8149606 3.2283465 0.8149606 3.2440945 0 P 0
L 0.8149606 3.5433071 0.8149606 3.5826772 0 P 0
L 0.8188976 0.3307087 0.8188976 0.3700787 1 P 0
L 0.8188976 1.5708661 0.8188976 1.5866141 0 P 0
L 0.8188976 2.5078739 0.8188976 2.53937 1 P 0
L 0.8188977 2.8464567 0.8188977 2.9330709 1 P 0
L 0.8188977 3.3464567 0.8582678 3.3464567 0 P 0
L 0.8198818 1.6850393 0.8415354 1.6850393 0 P 0
L 0.8198818 1.8661416 0.8415354 1.8661416 0 P 0
L 0.8218504 0.5708662 0.8218504 0.6102362 1 P 0
L 0.8218504 3.0157481 0.8218504 3.0629922 1 P 0
L 0.8228346 0.2440945 0.8228346 0.2598425 0 P 0
L 0.8228346 1.7401574 0.8385826 1.7401574 0 P 0
L 0.8228346 1.9212597 0.8385826 1.9212597 0 P 0
L 0.8228346 2.5590552 0.8228346 2.597441 1 P 0
L 0.8228346 2.8267717 0.8228346 2.8897638 1 P 0
L 0.8228346 2.8267717 0.8543307 2.8267717 1 P 0
L 0.8228346 2.8897638 0.8543307 2.8897638 1 P 0
L 0.8228346 2.9409448 0.8228346 2.9724409 1 P 0
L 0.8228346 3.1653544 0.8228346 3.2047244 0 P 0
L 0.8228347 2.8897637 0.8228347 2.9527558 1 P 0
L 0.8228347 2.8897637 0.8543308 2.8897637 1 P 0
L 0.8228347 2.9527558 0.8543308 2.9527558 1 P 0
L 0.8228347 2.980315 0.8228347 3.0118111 1 P 0
L 0.8228347 3.0669292 0.8228347 3.0984253 1 P 0
L 0.8228347 3.6338583 0.8228347 3.6732284 0 P 0
L 0.8267716 3.0354331 0.8267716 3.0984252 1 P 0
L 0.8267716 3.0354331 0.8582677 3.0354331 1 P 0
L 0.8267716 3.0984252 0.8582677 3.0984252 1 P 0
L 0.8267717 2.4842519 0.8267717 2.547244 1 P 0
L 0.8267717 2.4842519 0.8582678 2.4842519 1 P 0
L 0.8267717 2.547244 0.8582678 2.547244 1 P 0
L 0.8277559 0.3307087 0.8277559 0.3700787 1 P 0
L 0.8277559 0.3307087 0.8661417 0.3307087 1 P 0
L 0.8277559 0.3700787 0.8661417 0.3700787 1 P 0
L 0.8277559 2.8582677 0.8494095 2.8582677 0 P 0
L 0.8277559 2.9212598 0.8494095 2.9212598 0 P 0
L 0.8300787 3.7119685 0.8300787 3.7919685 1 P 0
L 0.8300787 3.7119685 0.9100787 3.7119685 1 P 0
L 0.8300787 3.7919685 0.8700787 3.7919685 1 P 0
L 0.8307086 1.6742126 0.8307086 1.6958661 0 P 0
L 0.8307086 1.7322834 0.8307086 1.7480314 0 P 0
L 0.8307086 1.8553149 0.8307086 1.8769684 0 P 0
L 0.8307086 1.9133857 0.8307086 1.9291337 0 P 0
L 0.8316929 2.515748 0.8533465 2.515748 0 P 0
L 0.8316929 3.0669291 0.8533465 3.0669291 0 P 0
L 0.8336614 1.6043307 0.8336614 1.6476377 1 P 0
L 0.8336614 3.2165355 0.8336614 3.2559055 1 P 0
L 0.8366141 0.992126 0.8366141 1.0236221 1 P 0
L 0.8366141 3.1240157 0.8366141 3.1555118 1 P 0
L 0.8375984 1.5590551 0.8375984 1.5984251 1 P 0
L 0.8375984 1.785433 0.8375984 1.82874 1 P 0
L 0.8385827 0.3503937 0.8543307 0.3503937 0 P 0
L 0.8385827 2.847441 0.8385827 2.8690945 0 P 0
L 0.8385827 2.910433 0.8385827 2.9320865 0 P 0
L 0.8385827 3.3267716 0.8385827 3.3661417 0 P 0
L 0.8385828 2.5669292 0.8385828 2.5984253 1 P 0
L 0.8385828 2.5669292 0.9015749 2.5669292 1 P 0
L 0.8385828 2.5984253 0.9015749 2.5984253 1 P 0
L 0.8415354 0.2322835 0.8415354 0.2716535 1 P 0
L 0.8425196 0.1220472 0.8818897 0.1220472 0 P 0
L 0.8425197 2.5049212 0.8425197 2.5265747 0 P 0
L 0.8425197 3.0561024 0.8425197 3.0777559 0 P 0
L 0.8464566 1.6535433 0.8464566 1.7165354 1 P 0
L 0.8464566 1.8346456 0.8464566 1.8976377 1 P 0
L 0.8464567 0.3425197 0.8464567 0.3582677 0 P 0
L 0.8464567 1.5787401 0.8464567 1.6417322 1 P 0
L 0.8464567 1.5787401 0.8779528 1.5787401 1 P 0
L 0.8464567 1.6417322 0.8779528 1.6417322 1 P 0
L 0.8503936 1.7204724 0.8503936 1.7598424 1 P 0
L 0.8503936 1.9015747 0.8503936 1.9409447 1 P 0
L 0.8503937 0.6181103 0.8503937 0.6574803 1 P 0
L 0.8503937 0.6181103 0.8887795 0.6181103 1 P 0
L 0.8503937 0.6574803 0.8887795 0.6574803 1 P 0
L 0.8503937 1.7677164 0.8503937 1.8307085 1 P 0
L 0.8503937 1.7677164 0.8818898 1.7677164 1 P 0
L 0.8503937 1.8307085 0.8818898 1.8307085 1 P 0
L 0.8503937 1.9055117 0.8503937 1.9370078 1 P 0
L 0.8503937 1.9055117 0.9133858 1.9055117 1 P 0
L 0.8503937 1.9370078 0.9133858 1.9370078 1 P 0
L 0.8503938 0.6735564 0.8503938 0.7129264 1 P 0
L 0.8503938 0.6735564 0.8887796 0.6735564 1 P 0
L 0.8503938 0.7129264 0.8887796 0.7129264 1 P 0
L 0.8503938 0.7285105 0.8503938 0.7678805 1 P 0
L 0.8503938 0.7285105 0.8887796 0.7285105 1 P 0
L 0.8503938 0.7678805 0.8887796 0.7678805 1 P 0
L 0.8503938 0.7834646 0.8503938 0.8228346 1 P 0
L 0.8503938 0.7834646 0.8887796 0.7834646 1 P 0
L 0.8503938 0.8228346 0.8887796 0.8228346 1 P 0
L 0.8513779 1.6102362 0.8730315 1.6102362 0 P 0
L 0.8543307 1.6574802 0.8543307 1.7204723 1 P 0
L 0.8543307 1.6574802 0.8858268 1.6574802 1 P 0
L 0.8543307 1.7204723 0.8858268 1.7204723 1 P 0
L 0.8543307 1.7283463 0.8543307 1.7598424 1 P 0
L 0.8543307 1.7283463 0.9173228 1.7283463 1 P 0
L 0.8543307 1.7598424 0.9173228 1.7598424 1 P 0
L 0.8543307 1.8385825 0.8543307 1.9015746 1 P 0
L 0.8543307 1.8385825 0.8858268 1.8385825 1 P 0
L 0.8543307 1.9015746 0.8858268 1.9015746 1 P 0
L 0.8543307 2.8267717 0.8543307 2.8897638 1 P 0
L 0.8543308 2.8897637 0.8543308 2.9527558 1 P 0
L 0.8550787 3.7519685 0.8850787 3.7519685 0 P 0
L 0.8553149 1.7992125 0.8769685 1.7992125 0 P 0
L 0.8582677 3.0354331 0.8582677 3.0984252 1 P 0
L 0.8582678 2.4842519 0.8582678 2.547244 1 P 0
L 0.8592519 1.6889763 0.8809055 1.6889763 0 P 0
L 0.8592519 1.8700786 0.8809055 1.8700786 0 P 0
L 0.8592521 2.5826772 0.8809056 2.5826772 0 P 0
L 0.8600394 2.4704725 0.8600394 2.5610236 1 P 0
L 0.8600394 2.4704725 0.9667323 2.4704725 1 P 0
L 0.8600394 2.5610236 0.9667323 2.5610236 1 P 0
L 0.8622047 0.1023621 0.8622047 0.1417322 0 P 0
L 0.8622047 0.6377953 0.8779527 0.6377953 0 P 0
L 0.8622047 1.5994094 0.8622047 1.6210629 0 P 0
L 0.8622048 0.2244095 0.8622048 0.2559056 1 P 0
L 0.8622048 0.2244095 0.9251969 0.2244095 1 P 0
L 0.8622048 0.2559056 0.9251969 0.2559056 1 P 0
L 0.8622048 0.2637796 0.8622048 0.2952757 1 P 0
L 0.8622048 0.2637796 0.9251969 0.2637796 1 P 0
L 0.8622048 0.2952757 0.9251969 0.2952757 1 P 0
L 0.8622048 0.6932414 0.8779528 0.6932414 0 P 0
L 0.8622048 0.7481955 0.8779528 0.7481955 0 P 0
L 0.8622048 0.8031496 0.8779528 0.8031496 0 P 0
L 0.8661417 0.3307087 0.8661417 0.3700787 1 P 0
L 0.8661417 1.7883857 0.8661417 1.8100392 0 P 0
L 0.8661418 2.8818897 0.8661418 3.019685 1 P 0
L 0.8661418 2.8818897 1.0511811 2.8818897 1 P 0
L 0.8661418 3.019685 0.8661418 3.1574803 1 P 0
L 0.8661418 3.1574803 1.0511811 3.1574803 1 P 0
L 0.8700787 0.6299213 0.8700787 0.6456693 0 P 0
L 0.8700787 1.6781495 0.8700787 1.699803 0 P 0
L 0.8700787 1.8592518 0.8700787 1.8809053 0 P 0
L 0.8700787 3.1633859 0.8700787 3.2066929 1 P 0
L 0.8700787 3.7369685 0.8700787 3.7669685 0 P 0
L 0.8700787 3.7519685 0.8700787 3.7669685 0 P 0
L 0.8700787 3.7519685 0.8850787 3.7519685 0 P 0
L 0.8700787 3.7919685 0.9100787 3.7919685 1 P 0
L 0.8700788 0.6853674 0.8700788 0.7011154 0 P 0
L 0.8700788 0.7403215 0.8700788 0.7560695 0 P 0
L 0.8700788 0.7952756 0.8700788 0.8110236 0 P 0
L 0.8700788 0.956693 0.8700788 0.996063 1 P 0
L 0.8700788 0.956693 0.9084646 0.956693 1 P 0
L 0.8700788 0.996063 0.9084646 0.996063 1 P 0
L 0.8700788 2.5718504 0.8700788 2.593504 0 P 0
L 0.871063 1.9212598 0.8927165 1.9212598 0 P 0
L 0.8740157 2.6732284 0.8740157 2.8129921 1 P 0
L 0.8740157 2.6732284 0.9606299 2.6732284 1 P 0
L 0.8740157 2.8129921 0.9606299 2.8129921 1 P 0
L 0.8740158 0.3307087 0.8740158 0.3700787 1 P 0
L 0.8740158 0.3307087 0.9124016 0.3307087 1 P 0
L 0.8740158 0.3700787 0.9124016 0.3700787 1 P 0
L 0.8740158 0.8779528 0.8740158 0.9173228 1 P 0
L 0.8740158 0.8779528 0.9124016 0.8779528 1 P 0
L 0.8740158 0.9173228 0.9124016 0.9173228 1 P 0
L 0.875 1.7440944 0.8966535 1.7440944 0 P 0
L 0.8779528 1.5787401 0.8779528 1.6417322 1 P 0
L 0.8779528 3.1633859 0.8779528 3.2027559 1 P 0
L 0.8779528 3.1633859 0.9163386 3.1633859 1 P 0
L 0.8779528 3.2027559 0.9163386 3.2027559 1 P 0
L 0.8799213 3.2972441 0.8799213 3.3956693 1 P 0
L 0.8818898 0.976378 0.8976378 0.976378 0 P 0
L 0.8818898 1.7677164 0.8818898 1.8307085 1 P 0
L 0.8818898 1.910433 0.8818898 1.9320866 0 P 0
L 0.8818898 3.5255906 0.8818898 3.6003937 1 P 0
L 0.8828741 0.2401575 0.9045276 0.2401575 0 P 0
L 0.8828741 0.2795276 0.9045276 0.2795276 0 P 0
L 0.8858267 1.6141731 0.8858267 1.6456692 1 P 0
L 0.8858267 1.6141731 0.9488188 1.6141731 1 P 0
L 0.8858267 1.6456692 0.9488188 1.6456692 1 P 0
L 0.8858267 1.7913384 0.8858267 1.8228345 1 P 0
L 0.8858267 1.7913384 0.9488188 1.7913384 1 P 0
L 0.8858267 1.8228345 0.9488188 1.8228345 1 P 0
L 0.8858268 0.3503937 0.9015748 0.3503937 0 P 0
L 0.8858268 0.8976378 0.9015748 0.8976378 0 P 0
L 0.8858268 1.6574802 0.8858268 1.7204723 1 P 0
L 0.8858268 1.7332676 0.8858268 1.7549212 0 P 0
L 0.8858268 1.8385825 0.8858268 1.9015746 1 P 0
L 0.8858268 3.4527559 0.8858268 3.484252 1 P 0
L 0.8858268 3.4527559 0.9488189 3.4527559 1 P 0
L 0.8858268 3.484252 0.9488189 3.484252 1 P 0
L 0.8858268 3.488189 0.8858268 3.5196851 1 P 0
L 0.8858268 3.488189 0.9488189 3.488189 1 P 0
L 0.8858268 3.5196851 0.9488189 3.5196851 1 P 0
L 0.8887795 0.6181103 0.8887795 0.6574803 1 P 0
L 0.8887795 3.3366142 0.8887795 3.3996064 1 P 0
L 0.8887795 3.3366142 0.9498031 3.3366142 1 P 0
L 0.8887795 3.3996064 0.9498031 3.3996064 1 P 0
L 0.8887796 0.6735564 0.8887796 0.7129264 1 P 0
L 0.8887796 0.7285105 0.8887796 0.7678805 1 P 0
L 0.8887796 0.7834646 0.8887796 0.8228346 1 P 0
L 0.8897637 1.6505905 0.8897637 1.7263779 1 P 0
L 0.8897637 1.6505905 0.9448819 1.6505905 1 P 0
L 0.8897637 1.7263779 0.9448819 1.7263779 1 P 0
L 0.8897637 1.8277558 0.8897637 1.9035432 1 P 0
L 0.8897637 1.8277558 0.9448819 1.8277558 1 P 0
L 0.8897637 1.9035432 0.9448819 1.9035432 1 P 0
L 0.8897638 0.968504 0.8897638 0.984252 0 P 0
L 0.8897638 3.1830709 0.9055118 3.1830709 0 P 0
L 0.8897638 3.2992126 0.8897638 3.3307087 1 P 0
L 0.8897638 3.2992126 0.9527559 3.2992126 1 P 0
L 0.8897638 3.3307087 0.9527559 3.3307087 1 P 0
L 0.8937008 0.2293307 0.8937008 0.2509843 0 P 0
L 0.8937008 0.2687008 0.8937008 0.2903544 0 P 0
L 0.8937008 0.3425197 0.8937008 0.3582677 0 P 0
L 0.8937008 0.8897638 0.8937008 0.9055118 0 P 0
L 0.8937008 2.515748 0.9330709 2.515748 0 P 0
L 0.8937009 0.2952756 0.8937009 0.3267717 1 P 0
L 0.8937009 0.2952756 0.956693 0.2952756 1 P 0
L 0.8937009 0.3267717 0.956693 0.3267717 1 P 0
L 0.8976378 1.6889763 0.9370079 1.6889763 0 P 0
L 0.8976378 1.8661416 0.9370079 1.8661416 0 P 0
L 0.8976378 3.1751969 0.8976378 3.1909449 0 P 0
L 0.8996063 3.3681103 0.9389764 3.3681103 0 P 0
L 0.8996064 3.6141733 0.8996064 3.6929134 1 P 0
L 0.9015749 2.5669292 0.9015749 2.5984253 1 P 0
L 0.9055118 2.5669291 0.9055118 2.5984252 1 P 0
L 0.9055118 2.5669291 0.9685039 2.5669291 1 P 0
L 0.9055118 2.5984252 0.9685039 2.5984252 1 P 0
L 0.9055118 2.7440945 0.9173228 2.7440945 0 P 0
L 0.9055119 0.6417323 0.9055119 0.6811023 1 P 0
L 0.9055119 0.6417323 0.9438977 0.6417323 1 P 0
L 0.9055119 0.6811023 0.9438977 0.6811023 1 P 0
L 0.9055119 0.7007874 0.9055119 0.7401574 1 P 0
L 0.9055119 0.7007874 0.9438977 0.7007874 1 P 0
L 0.9055119 0.7401574 0.9438977 0.7401574 1 P 0
L 0.9055119 0.7559056 0.9055119 0.7952756 1 P 0
L 0.9055119 0.7559056 0.9438977 0.7559056 1 P 0
L 0.9055119 0.7952756 0.9438977 0.7952756 1 P 0
L 0.906496 1.6299212 0.9281495 1.6299212 0 P 0
L 0.906496 1.8070865 0.9281495 1.8070865 0 P 0
L 0.9064961 3.4685039 0.9281496 3.4685039 0 P 0
L 0.9064961 3.503937 0.9281496 3.503937 0 P 0
L 0.9084646 0.956693 0.9084646 0.996063 1 P 0
L 0.9100787 3.7119685 0.9100787 3.7919685 1 P 0
L 0.9104331 3.3149606 0.9320866 3.3149606 0 P 0
L 0.9124016 0.3307087 0.9124016 0.3700787 1 P 0
L 0.9124016 0.8779528 0.9124016 0.9173228 1 P 0
L 0.9133858 1.9055117 0.9133858 1.9370078 1 P 0
L 0.9133858 2.496063 0.9133858 2.5354331 0 P 0
L 0.9143702 0.3110236 0.9360237 0.3110236 0 P 0
L 0.9163386 3.1633859 0.9163386 3.2027559 1 P 0
L 0.9173228 1.6190944 0.9173228 1.640748 0 P 0
L 0.9173228 1.6692913 0.9173228 1.7086614 0 P 0
L 0.9173228 1.7283463 0.9173228 1.7598424 1 P 0
L 0.9173228 1.7962597 0.9173228 1.8179133 0 P 0
L 0.9173228 1.8464566 0.9173228 1.8858267 0 P 0
L 0.9173228 2.7322835 0.9173228 2.7440945 0 P 0
L 0.9173228 2.7440945 0.9173228 2.7559055 0 P 0
L 0.9173228 2.7440945 0.9291338 2.7440945 0 P 0
L 0.9173228 3.4576771 0.9173228 3.4793307 0 P 0
L 0.9173228 3.4931102 0.9173228 3.5147638 0 P 0
L 0.9173229 0.6614173 0.9330709 0.6614173 0 P 0
L 0.9173229 0.7204724 0.9330709 0.7204724 0 P 0
L 0.9173229 0.7755906 0.9330709 0.7755906 0 P 0
L 0.9192913 3.3484252 0.9192913 3.3877953 0 P 0
L 0.9212598 3.3041338 0.9212598 3.3257874 0 P 0
L 0.9212599 1.7283464 0.9212599 1.7598425 1 P 0
L 0.9212599 1.7283464 0.984252 1.7283464 1 P 0
L 0.9212599 1.7598425 0.984252 1.7598425 1 P 0
L 0.9212599 1.9055117 0.9212599 1.9370078 1 P 0
L 0.9212599 1.9055117 0.984252 1.9055117 1 P 0
L 0.9212599 1.9370078 0.984252 1.9370078 1 P 0
L 0.9212599 3.019685 0.9606299 3.019685 0 P 0
L 0.9232284 3.1633859 0.9232284 3.194882 1 P 0
L 0.9232284 3.1633859 0.9862205 3.1633859 1 P 0
L 0.9232284 3.194882 0.9862205 3.194882 1 P 0
L 0.9251969 0.2244095 0.9251969 0.2559056 1 P 0
L 0.9251969 0.2637796 0.9251969 0.2952757 1 P 0
L 0.9251969 0.3001968 0.9251969 0.3218504 0 P 0
L 0.9251969 0.3307087 0.9251969 0.3700787 1 P 0
L 0.9251969 0.3307087 0.9635827 0.3307087 1 P 0
L 0.9251969 0.3700787 0.9635827 0.3700787 1 P 0
L 0.9251969 0.6535433 0.9251969 0.6692913 0 P 0
L 0.9251969 0.7125984 0.9251969 0.7283464 0 P 0
L 0.9251969 0.7677166 0.9251969 0.7834646 0 P 0
L 0.9261811 2.5826772 0.9478346 2.5826772 0 P 0
L 0.9370079 0.3503937 0.9527559 0.3503937 0 P 0
L 0.9370079 2.5718504 0.9370079 2.593504 0 P 0
L 0.9409449 3 0.9409449 3.03937 0 P 0
L 0.9419292 1.7440944 0.9635827 1.7440944 0 P 0
L 0.9419292 1.9212597 0.9635827 1.9212597 0 P 0
L 0.9438977 0.6417323 0.9438977 0.6811023 1 P 0
L 0.9438977 0.7007874 0.9438977 0.7401574 1 P 0
L 0.9438977 0.7559056 0.9438977 0.7952756 1 P 0
L 0.9438977 3.1791339 0.9655512 3.1791339 0 P 0
L 0.9448819 0.3425197 0.9448819 0.3582677 0 P 0
L 0.9448819 1.6505905 0.9448819 1.7263779 1 P 0
L 0.9448819 1.8277558 0.9448819 1.9035432 1 P 0
L 0.9488188 1.6141731 0.9488188 1.6456692 1 P 0
L 0.9488188 1.7913384 0.9488188 1.8228345 1 P 0
L 0.9488189 0.2283465 0.9488189 0.2677165 1 P 0
L 0.9488189 0.2283465 0.9872047 0.2283465 1 P 0
L 0.9488189 0.2677165 0.9872047 0.2677165 1 P 0
L 0.9488189 3.4527559 0.9488189 3.484252 1 P 0
L 0.9488189 3.488189 0.9488189 3.5196851 1 P 0
L 0.9498031 3.3366142 0.9498031 3.3996064 1 P 0
L 0.9527559 1.6614172 0.9527559 1.7244093 1 P 0
L 0.9527559 1.6614172 0.984252 1.6614172 1 P 0
L 0.9527559 1.7244093 0.984252 1.7244093 1 P 0
L 0.9527559 1.7332676 0.9527559 1.7549212 0 P 0
L 0.9527559 1.8346456 0.9527559 1.8976377 1 P 0
L 0.9527559 1.8346456 0.984252 1.8346456 1 P 0
L 0.9527559 1.8976377 0.984252 1.8976377 1 P 0
L 0.9527559 1.9104329 0.9527559 1.9320865 0 P 0
L 0.9527559 3.2992126 0.9527559 3.3307087 1 P 0
L 0.9547244 3.1683071 0.9547244 3.1899607 0 P 0
L 0.956693 0.2952756 0.956693 0.3267717 1 P 0
L 0.9576771 1.6929133 0.9793307 1.6929133 0 P 0
L 0.9576771 1.8661417 0.9793307 1.8661417 0 P 0
L 0.9606299 0.2480315 0.9763779 0.2480315 0 P 0
L 0.9606299 2.6732284 0.9606299 2.8129921 1 P 0
L 0.9635827 0.3307087 0.9635827 0.3700787 1 P 0
L 0.9667323 2.4704725 0.9667323 2.5610236 1 P 0
L 0.9685039 0.2401575 0.9685039 0.2559055 0 P 0
L 0.9685039 1.6820865 0.9685039 1.70374 0 P 0
L 0.9685039 1.8553149 0.9685039 1.8769684 0 P 0
L 0.9685039 2.5669291 0.9685039 2.5984252 1 P 0
L 0.968504 1.9409449 0.968504 1.9803149 1 P 0
L 0.968504 1.9409449 1.0068898 1.9409449 1 P 0
L 0.968504 1.9803149 1.0068898 1.9803149 1 P 0
L 0.972441 1.7637796 0.972441 1.8031496 1 P 0
L 0.972441 1.7637796 1.0108268 1.7637796 1 P 0
L 0.972441 1.8031496 1.0108268 1.8031496 1 P 0
L 0.9763779 0.2755905 0.9763779 0.3070866 1 P 0
L 0.9763779 0.2755905 1.03937 0.2755905 1 P 0
L 0.9763779 0.3070866 1.03937 0.3070866 1 P 0
L 0.980315 1.9606299 0.996063 1.9606299 0 P 0
L 0.984252 1.6614172 0.984252 1.7244093 1 P 0
L 0.984252 1.7283464 0.984252 1.7598425 1 P 0
L 0.984252 1.7834646 1 1.7834646 0 P 0
L 0.984252 1.8340836 0.984252 1.8724694 1 P 0
L 0.984252 1.8340836 1.023622 1.8340836 1 P 0
L 0.984252 1.8346456 0.984252 1.8976377 1 P 0
L 0.984252 1.8724694 1.023622 1.8724694 1 P 0
L 0.984252 1.9055117 0.984252 1.9370078 1 P 0
L 0.9852362 1.6574803 0.9852362 1.6968503 1 P 0
L 0.9852362 1.6574803 1.023622 1.6574803 1 P 0
L 0.9852362 1.6968503 1.023622 1.6968503 1 P 0
L 0.9862205 3.1633859 0.9862205 3.194882 1 P 0
L 0.9872047 0.2283465 0.9872047 0.2677165 1 P 0
L 0.988189 1.9527559 0.988189 1.9685039 0 P 0
L 0.992126 1.7755906 0.992126 1.7913386 0 P 0
L 0.996063 0.2283465 0.996063 0.2677165 1 P 0
L 0.996063 0.2283465 1.0344488 0.2283465 1 P 0
L 0.996063 0.2677165 1.0344488 0.2677165 1 P 0
L 0.996063 1.6771653 1.011811 1.6771653 0 P 0
L 0.996063 1.8527844 1.011811 1.8527844 0 P 0
L 0.9970472 0.2913386 1.0187007 0.2913386 0 P 0
L 1.003937 1.6692913 1.003937 1.6850393 0 P 0
L 1.003937 1.8449104 1.003937 1.8606584 0 P 0
L 1.0068898 1.9409449 1.0068898 1.9803149 1 P 0
L 1.007874 0.2480315 1.023622 0.2480315 0 P 0
L 1.007874 0.2805118 1.007874 0.3021654 0 P 0
L 1.0108268 1.7637796 1.0108268 1.8031496 1 P 0
L 1.0127953 0.3385827 1.0127953 0.3779527 1 P 0
L 1.0127953 0.3385827 1.0511811 0.3385827 1 P 0
L 1.0127953 0.3779527 1.0511811 0.3779527 1 P 0
L 1.015748 0.2401575 1.015748 0.2559055 0 P 0
L 1.023622 1.6574803 1.023622 1.6968503 1 P 0
L 1.023622 1.8340836 1.023622 1.8724694 1 P 0
L 1.0236221 0.3582677 1.0393701 0.3582677 0 P 0
L 1.0246063 0.3976378 1.0246063 0.4370078 1 P 0
L 1.0246063 0.3976378 1.0629921 0.3976378 1 P 0
L 1.0246063 0.4370078 1.0629921 0.4370078 1 P 0
L 1.0314961 0.3503937 1.0314961 0.3661417 0 P 0
L 1.0344488 0.2283465 1.0344488 0.2677165 1 P 0
L 1.0354331 0.4173228 1.0511811 0.4173228 0 P 0
L 1.03937 0.2755905 1.03937 0.3070866 1 P 0
L 1.0433071 0.4094488 1.0433071 0.4251968 0 P 0
L 1.0511811 0.3385827 1.0511811 0.3779527 1 P 0
L 1.0511811 2.8818897 1.0511811 3.1574803 1 P 0
L 1.0629921 0.3976378 1.0629921 0.4370078 1 P 0
L 1.0748031 0.035433 1.0748031 0.2130904 1 P 0
