#Layer_Color=9474304
#
#Feature symbol names
#
$0 r5

#
#Feature attribute names
#

#
#Layer features
#
L -0.003937 0.5590551 -0.003937 0.5669291 0 P 0
L -0.003937 0.6377953 -0.003937 0.6456693 0 P 0
L -0.003937 0.8031496 -0.003937 0.8110236 0 P 0
L -0.003937 3.3110236 0.003937 3.3110236 0 P 0
L -0.007874 0.5629921 0 0.5629921 0 P 0
L -0.007874 0.5944882 -0.007874 0.6023622 0 P 0
L -0.007874 0.6417323 0 0.6417323 0 P 0
L -0.007874 0.8070866 0 0.8070866 0 P 0
L -0.007874 1.492126 -0.007874 1.5 0 P 0
L -0.007874 1.5314961 -0.007874 1.5393701 0 P 0
L -0.007874 1.5708661 -0.007874 1.5787401 0 P 0
L -0.007874 1.6102362 -0.007874 1.6181102 0 P 0
L -0.007874 1.7322835 -0.007874 1.7401575 0 P 0
L -0.007874 1.7716536 -0.007874 1.7795276 0 P 0
L -0.007874 1.8110236 -0.007874 1.8188976 0 P 0
L -0.007874 1.8503937 -0.007874 1.8582677 0 P 0
L -0.007874 1.8897638 -0.007874 1.8976378 0 P 0
L -0.007874 1.9291339 -0.007874 1.9370079 0 P 0
L -0.007874 1.968504 -0.007874 1.976378 0 P 0
L -0.011811 0.5984252 -0.003937 0.5984252 0 P 0
L -0.011811 1.496063 -0.003937 1.496063 0 P 0
L -0.011811 1.5354331 -0.003937 1.5354331 0 P 0
L -0.011811 1.5748031 -0.003937 1.5748031 0 P 0
L -0.011811 1.6141732 -0.003937 1.6141732 0 P 0
L -0.011811 1.7362205 -0.003937 1.7362205 0 P 0
L -0.011811 1.7755906 -0.003937 1.7755906 0 P 0
L -0.011811 1.8149606 -0.003937 1.8149606 0 P 0
L -0.011811 1.8543307 -0.003937 1.8543307 0 P 0
L -0.011811 1.8937008 -0.003937 1.8937008 0 P 0
L -0.011811 1.9330709 -0.003937 1.9330709 0 P 0
L -0.011811 1.972441 -0.003937 1.972441 0 P 0
L -0.011811 2.8110236 -0.011811 2.8188976 0 P 0
L -0.015748 2.8149606 -0.007874 2.8149606 0 P 0
L -0.023622 0.1929134 -0.023622 0.2007874 0 P 0
L -0.0248625 2.0095027 -0.0248625 2.0173767 0 P 0
L -0.027559 0.1968504 -0.019685 0.1968504 0 P 0
L -0.0275591 0.1535433 -0.0275591 0.1614173 0 P 0
L -0.0287995 2.0134397 -0.0209255 2.0134397 0 P 0
L -0.0314961 0.1574803 -0.0236221 0.1574803 0 P 0
L -0.0314961 3.7165354 -0.0314961 3.7244094 0 P 0
L -0.0344488 0 0.0344488 0 0 P 0
L -0.0344488 3.8700787 0.0344488 3.8700787 0 P 0
L -0.0354331 3.7204724 -0.0275591 3.7204724 0 P 0
L -0.0393701 0.9133858 -0.0393701 0.9212598 0 P 0
L -0.0433071 0.9173228 -0.0354331 0.9173228 0 P 0
L -0.0472441 1.6102362 -0.0472441 1.6181102 0 P 0
L -0.0472441 1.8110236 -0.0472441 1.8188976 0 P 0
L -0.0511811 1.6141732 -0.0433071 1.6141732 0 P 0
L -0.0511811 1.8149606 -0.0433071 1.8149606 0 P 0
L -0.0551181 0.1259843 -0.0551181 0.1338583 0 P 0
L -0.0556745 0.6871315 -0.0556745 0.6950055 0 P 0
L -0.0590551 0.1299213 -0.0511811 0.1299213 0 P 0
L -0.0596115 0.6910685 -0.0517375 0.6910685 0 P 0
L -0.0708661 3.2047244 -0.0708661 3.2125984 0 P 0
L -0.0748031 3.2086614 -0.0669291 3.2086614 0 P 0
L -0.0748032 2.6968504 -0.0748032 2.7047244 0 P 0
L -0.0748032 2.7362206 -0.0748032 2.7440946 0 P 0
L -0.0787402 2.7007874 -0.0708662 2.7007874 0 P 0
L -0.0787402 2.7401576 -0.0708662 2.7401576 0 P 0
L -0.0826772 0.1535433 -0.0826772 0.1614173 0 P 0
L -0.0826772 1.8110236 -0.0826772 1.8188976 0 P 0
L -0.0826772 2.2992126 -0.0826772 2.3070866 0 P 0
L -0.0826772 2.3582677 -0.0826772 2.3661417 0 P 0
L -0.0866142 0.1574803 -0.0787402 0.1574803 0 P 0
L -0.0866142 1.8149606 -0.0787402 1.8149606 0 P 0
L -0.0866142 2.3031496 -0.0787402 2.3031496 0 P 0
L -0.0866142 2.3622047 -0.0787402 2.3622047 0 P 0
L -0.0905512 0.6889764 -0.0905512 0.6968504 0 P 0
L -0.0944882 0.6929134 -0.0866142 0.6929134 0 P 0
L -0.0944882 0.7874016 -0.0944882 0.7952756 0 P 0
L -0.0944882 0.8228347 -0.0944882 0.8307087 0 P 0
L -0.0984252 0.7913386 -0.0905512 0.7913386 0 P 0
L -0.0984252 0.8267717 -0.0905512 0.8267717 0 P 0
L -0.1084646 0.4080067 -0.1084646 0.4158807 0 P 0
L -0.1124016 0.4119437 -0.1045276 0.4119437 0 P 0
L -0.1141732 0.8779528 -0.1141732 0.8858268 0 P 0
L -0.1181102 0.8818898 -0.1102362 0.8818898 0 P 0
L -0.1259843 1.7244095 -0.1259843 1.7322835 0 P 0
L -0.1299213 1.7283465 -0.1220473 1.7283465 0 P 0
L -0.1299213 3.4173228 -0.1299213 3.4251968 0 P 0
L -0.1299213 3.503937 -0.1299213 3.511811 0 P 0
L -0.1338583 3.4212598 -0.1259843 3.4212598 0 P 0
L -0.1338583 3.507874 -0.1259843 3.507874 0 P 0
L -0.1692913 1.6574803 -0.1692913 1.6653543 0 P 0
L -0.1692913 1.7047244 -0.1692913 1.7125984 0 P 0
L -0.1692913 1.8110236 -0.1692913 1.8188976 0 P 0
L -0.1692913 1.8622047 -0.1692913 1.8700787 0 P 0
L -0.1692913 1.9173228 -0.1692913 1.9251968 0 P 0
L -0.1732283 1.6614173 -0.1653543 1.6614173 0 P 0
L -0.1732283 1.7086614 -0.1653543 1.7086614 0 P 0
L -0.1732283 1.8149606 -0.1653543 1.8149606 0 P 0
L -0.1732283 1.8661417 -0.1653543 1.8661417 0 P 0
L -0.1732283 1.9212598 -0.1653543 1.9212598 0 P 0
L 0 -0.0344488 0 0.0344488 0 P 0
L 0 2.6220472 0.007874 2.6220472 0 P 0
L 0 3.3070866 0 3.3149606 0 P 0
L 0 3.8356299 0 3.9045275 0 P 0
L 0.003937 2.6181102 0.003937 2.6259842 0 P 0
L 0.0118109 2.3886405 0.0196849 2.3886405 0 P 0
L 0.011811 2.6771654 0.019685 2.6771654 0 P 0
L 0.011811 2.7204724 0.019685 2.7204724 0 P 0
L 0.011811 2.7637795 0.019685 2.7637795 0 P 0
L 0.0157479 2.3847035 0.0157479 2.3925775 0 P 0
L 0.015748 2.6732284 0.015748 2.6811024 0 P 0
L 0.015748 2.7165354 0.015748 2.7244094 0 P 0
L 0.015748 2.7598425 0.015748 2.7677165 0 P 0
L 0.0275591 1.496063 0.0354331 1.496063 0 P 0
L 0.0275591 1.8543307 0.0354331 1.8543307 0 P 0
L 0.0275591 1.9724409 0.0354331 1.9724409 0 P 0
L 0.0314961 1.492126 0.0314961 1.5 0 P 0
L 0.0314961 1.8503937 0.0314961 1.8582677 0 P 0
L 0.0314961 1.9685039 0.0314961 1.9763779 0 P 0
L 0.0314961 3.4133858 0.0393701 3.4133858 0 P 0
L 0.0354331 2.976378 0.0433071 2.976378 0 P 0
L 0.0354331 3.015748 0.0433071 3.015748 0 P 0
L 0.0354331 3.0551181 0.0433071 3.0551181 0 P 0
L 0.0354331 3.4094488 0.0354331 3.4173228 0 P 0
L 0.0393701 0.519685 0.0472441 0.519685 0 P 0
L 0.0393701 0.7992126 0.0472441 0.7992126 0 P 0
L 0.0393701 0.8346457 0.0472441 0.8346457 0 P 0
L 0.0393701 2.972441 0.0393701 2.980315 0 P 0
L 0.0393701 3.011811 0.0393701 3.019685 0 P 0
L 0.0393701 3.0511811 0.0393701 3.0590551 0 P 0
L 0.0393701 3.7204724 0.0472441 3.7204724 0 P 0
L 0.0433071 0.515748 0.0433071 0.523622 0 P 0
L 0.0433071 0.7952756 0.0433071 0.8031496 0 P 0
L 0.0433071 0.8307087 0.0433071 0.8385827 0 P 0
L 0.0433071 3.7165354 0.0433071 3.7244094 0 P 0
L 0.0472441 2.5905512 0.0551181 2.5905512 0 P 0
L 0.0511811 0.9409449 0.0590551 0.9409449 0 P 0
L 0.0511811 2.5866142 0.0511811 2.5944882 0 P 0
L 0.0551181 0.480315 0.0629921 0.480315 0 P 0
L 0.0551181 0.9370079 0.0551181 0.9448819 0 P 0
L 0.0590551 0.476378 0.0590551 0.484252 0 P 0
L 0.0629921 0.1181102 0.0708661 0.1181102 0 P 0
L 0.0629921 3.4566929 0.0708661 3.4566929 0 P 0
L 0.0629921 3.5905512 0.0708661 3.5905512 0 P 0
L 0.0629921 3.6299213 0.0708661 3.6299213 0 P 0
L 0.0669291 0.1141732 0.0669291 0.1220472 0 P 0
L 0.0669291 0.2070866 0.0748031 0.2070866 0 P 0
L 0.0669291 3.4527559 0.0669291 3.4606299 0 P 0
L 0.0669291 3.5866142 0.0669291 3.5944882 0 P 0
L 0.0669291 3.6259843 0.0669291 3.6338583 0 P 0
L 0.0708661 0.2031496 0.0708661 0.2110236 0 P 0
L 0.0708661 0.519685 0.0787401 0.519685 0 P 0
L 0.0728346 0.6663805 0.0807086 0.6663805 0 P 0
L 0.0748031 0.515748 0.0748031 0.523622 0 P 0
L 0.0748032 3.0551181 0.0826772 3.0551181 0 P 0
L 0.0748032 3.3149606 0.0826772 3.3149606 0 P 0
L 0.0767716 0.6624435 0.0767716 0.6703175 0 P 0
L 0.0787402 3.0511811 0.0787402 3.0590551 0 P 0
L 0.0787402 3.3110236 0.0787402 3.3188976 0 P 0
L 0.0805773 3.3617882 0.0884513 3.3617882 0 P 0
L 0.0845143 3.3578512 0.0845143 3.3657252 0 P 0
L 0.0905512 -0.007874 0.0984252 -0.007874 0 P 0
L 0.0905512 0.0354331 0.0984252 0.0354331 0 P 0
L 0.0905512 0.9409449 0.0984252 0.9409449 0 P 0
L 0.0944882 -0.011811 0.0944882 -0.003937 0 P 0
L 0.0944882 0.0314961 0.0944882 0.0393701 0 P 0
L 0.0944882 0.9370079 0.0944882 0.9448819 0 P 0
L 0.0944882 1.0393701 0.1023622 1.0393701 0 P 0
L 0.0944882 2.4527559 0.1023622 2.4527559 0 P 0
L 0.0984252 0.8661417 0.1062992 0.8661417 0 P 0
L 0.0984252 1.0354331 0.0984252 1.0433071 0 P 0
L 0.0984252 2.4488189 0.0984252 2.4566929 0 P 0
L 0.1023622 0.8622047 0.1023622 0.8700787 0 P 0
L 0.1023622 1.2677165 0.3070866 1.2677165 0 P 0
L 0.1023622 1.7992126 0.1102362 1.7992126 0 P 0
L 0.1023622 1.8464567 0.1102362 1.8464567 0 P 0
L 0.1023622 1.8937008 0.1102362 1.8937008 0 P 0
L 0.1023622 1.9409449 0.1102362 1.9409449 0 P 0
L 0.1062992 1.7952756 0.1062992 1.8031496 0 P 0
L 0.1062992 1.8425197 0.1062992 1.8503937 0 P 0
L 0.1062992 1.8897638 0.1062992 1.8976378 0 P 0
L 0.1062992 1.9370079 0.1062992 1.9448819 0 P 0
L 0.1062992 3.0984252 0.1141732 3.0984252 0 P 0
L 0.1062992 3.3307087 0.1141732 3.3307087 0 P 0
L 0.1102362 3.0944882 0.1102362 3.1023622 0 P 0
L 0.1102362 3.3267717 0.1102362 3.3346457 0 P 0
L 0.1122047 0.6703175 0.1200787 0.6703175 0 P 0
L 0.1141732 0.9055118 0.1220472 0.9055118 0 P 0
L 0.1141732 3.0590551 0.1220472 3.0590551 0 P 0
L 0.1141732 3.2047244 0.1220472 3.2047244 0 P 0
L 0.1141732 3.2362205 0.1220472 3.2362205 0 P 0
L 0.1161417 0.6663805 0.1161417 0.6742545 0 P 0
L 0.1181102 0.9015748 0.1181102 0.9094488 0 P 0
L 0.1181102 3.0551181 0.1181102 3.0629921 0 P 0
L 0.1181102 3.2007874 0.1181102 3.2086614 0 P 0
L 0.1181102 3.2322835 0.1181102 3.2401575 0 P 0
L 0.1220473 3.5511811 0.1299213 3.5511811 0 P 0
L 0.1259843 3.5472441 0.1259843 3.5551181 0 P 0
L 0.1299213 1.5354331 0.1377953 1.5354331 0 P 0
L 0.1299213 3.1496063 0.1377953 3.1496063 0 P 0
L 0.1338583 0.0590551 0.1417323 0.0590551 0 P 0
L 0.1338583 0.1181102 0.1417323 0.1181102 0 P 0
L 0.1338583 0.8346457 0.1417323 0.8346457 0 P 0
L 0.1338583 1.5314961 0.1338583 1.5393701 0 P 0
L 0.1338583 3.1456693 0.1338583 3.1535433 0 P 0
L 0.1377953 0.0551181 0.1377953 0.0629921 0 P 0
L 0.1377953 0.1141732 0.1377953 0.1220472 0 P 0
L 0.1377953 0.8307087 0.1377953 0.8385827 0 P 0
L 0.1377953 3.8307087 0.1456693 3.8307087 0 P 0
L 0.1417322 3.7204724 0.1496062 3.7204724 0 P 0
L 0.1417323 3.0984252 0.1496063 3.0984252 0 P 0
L 0.1417323 3.8267717 0.1417323 3.8346457 0 P 0
L 0.1456692 3.7165354 0.1456692 3.7244094 0 P 0
L 0.1456693 3.0944882 0.1456693 3.1023622 0 P 0
L 0.1496063 1.7992126 0.1574803 1.7992126 0 P 0
L 0.1496063 1.8464567 0.1574803 1.8464567 0 P 0
L 0.1496063 1.8937008 0.1574803 1.8937008 0 P 0
L 0.1496063 1.9409449 0.1574803 1.9409449 0 P 0
L 0.1496063 2.4173228 0.1574803 2.4173228 0 P 0
L 0.1496063 2.476378 0.1574803 2.476378 0 P 0
L 0.1496063 3.6496063 0.1574803 3.6496063 0 P 0
L 0.1515748 0.5010262 0.1594488 0.5010262 0 P 0
L 0.1515748 0.5758293 0.1594488 0.5758293 0 P 0
L 0.1535433 0.976378 0.1614173 0.976378 0 P 0
L 0.1535433 1.7952756 0.1535433 1.8031496 0 P 0
L 0.1535433 1.8425197 0.1535433 1.8503937 0 P 0
L 0.1535433 1.8897638 0.1535433 1.8976378 0 P 0
L 0.1535433 1.9370079 0.1535433 1.9448819 0 P 0
L 0.1535433 2.4133858 0.1535433 2.4212598 0 P 0
L 0.1535433 2.472441 0.1535433 2.480315 0 P 0
L 0.1535433 2.5629921 0.1614173 2.5629921 0 P 0
L 0.1535433 2.6417323 0.1614173 2.6417323 0 P 0
L 0.1535433 2.976378 0.1614173 2.976378 0 P 0
L 0.1535433 3.015748 0.1614173 3.015748 0 P 0
L 0.1535433 3.6456693 0.1535433 3.6535433 0 P 0
L 0.1555118 0.4970892 0.1555118 0.5049632 0 P 0
L 0.1555118 0.5718923 0.1555118 0.5797663 0 P 0
L 0.1574803 0.972441 0.1574803 0.980315 0 P 0
L 0.1574803 2.5590551 0.1574803 2.5669291 0 P 0
L 0.1574803 2.6377953 0.1574803 2.6456693 0 P 0
L 0.1574803 2.8582677 0.1653543 2.8582677 0 P 0
L 0.1574803 2.972441 0.1574803 2.980315 0 P 0
L 0.1574803 3.011811 0.1574803 3.019685 0 P 0
L 0.1574803 3.6102362 0.1653543 3.6102362 0 P 0
L 0.1614173 2.8543307 0.1614173 2.8622047 0 P 0
L 0.1614173 3.6062992 0.1614173 3.6141732 0 P 0
L 0.1653543 0.6377953 0.1732283 0.6377953 0 P 0
L 0.1653543 0.6850394 0.1732283 0.6850394 0 P 0
L 0.1692913 0.6338583 0.1692913 0.6417323 0 P 0
L 0.1692913 0.6811024 0.1692913 0.6889764 0 P 0
L 0.1692913 3.4566929 0.1771653 3.4566929 0 P 0
L 0.1732283 3.4527559 0.1732283 3.4606299 0 P 0
L 0.1754085 1.4645893 0.1832825 1.4645893 0 P 0
L 0.1771654 0.8149606 0.1850394 0.8149606 0 P 0
L 0.1771654 3.5314961 0.1850394 3.5314961 0 P 0
L 0.1771654 3.9173228 0.1850394 3.9173228 0 P 0
L 0.1793455 1.4606523 0.1793455 1.4685263 0 P 0
L 0.1811024 0.8110236 0.1811024 0.8188976 0 P 0
L 0.1811024 3.5275591 0.1811024 3.5354331 0 P 0
L 0.1811024 3.9133858 0.1811024 3.9212598 0 P 0
L 0.1889764 2.3283981 0.1968504 2.3283981 0 P 0
L 0.1889764 3.2952756 0.1968504 3.2952756 0 P 0
L 0.1929134 2.3244611 0.1929134 2.3323351 0 P 0
L 0.1929134 3.2913386 0.1929134 3.2992126 0 P 0
L 0.1968504 1.7992126 0.2047244 1.7992126 0 P 0
L 0.1968504 1.8464567 0.2047244 1.8464567 0 P 0
L 0.1968504 1.8937008 0.2047244 1.8937008 0 P 0
L 0.1968504 1.9409449 0.2047244 1.9409449 0 P 0
L 0.1968504 3.2086614 0.2047244 3.2086614 0 P 0
L 0.2007874 1.7952756 0.2007874 1.8031496 0 P 0
L 0.2007874 1.8425197 0.2007874 1.8503937 0 P 0
L 0.2007874 1.8897638 0.2007874 1.8976378 0 P 0
L 0.2007874 1.9370079 0.2007874 1.9448819 0 P 0
L 0.2007874 2.2283465 0.2086614 2.2283465 0 P 0
L 0.2007874 2.5354331 0.2086614 2.5354331 0 P 0
L 0.2007874 2.6220472 0.2086614 2.6220472 0 P 0
L 0.2007874 2.9015748 0.2086614 2.9015748 0 P 0
L 0.2007874 3.2047244 0.2007874 3.2125984 0 P 0
L 0.2007874 3.7204724 0.2086614 3.7204724 0 P 0
L 0.2047244 1.1653543 0.2047244 1.3700787 0 P 0
L 0.2047244 2.2244095 0.2047244 2.2322835 0 P 0
L 0.2047244 2.5314961 0.2047244 2.5393701 0 P 0
L 0.2047244 2.6181102 0.2047244 2.6259842 0 P 0
L 0.2047244 2.8976378 0.2047244 2.9055118 0 P 0
L 0.2047244 3.7165354 0.2047244 3.7244094 0 P 0
L 0.2125984 0.5433071 0.2204724 0.5433071 0 P 0
L 0.2125984 0.5905512 0.2204724 0.5905512 0 P 0
L 0.2125984 0.6377953 0.2204724 0.6377953 0 P 0
L 0.2125984 0.6850394 0.2204724 0.6850394 0 P 0
L 0.2125984 3.9370079 0.2204724 3.9370079 0 P 0
L 0.2165354 0.5393701 0.2165354 0.5472441 0 P 0
L 0.2165354 0.5866142 0.2165354 0.5944882 0 P 0
L 0.2165354 0.6338583 0.2165354 0.6417323 0 P 0
L 0.2165354 0.6811024 0.2165354 0.6889764 0 P 0
L 0.2165354 3.9330709 0.2165354 3.9409449 0 P 0
L 0.2204724 1.4645669 0.2283464 1.4645669 0 P 0
L 0.2204724 3.2480315 0.2283464 3.2480315 0 P 0
L 0.2244094 1.4606299 0.2244094 1.4685039 0 P 0
L 0.2244094 3.2440945 0.2244094 3.2519685 0 P 0
L 0.2283465 0 0.2362205 0 0 P 0
L 0.2283465 0.0393701 0.2362205 0.0393701 0 P 0
L 0.2315837 2.8541749 0.2394577 2.8541749 0 P 0
L 0.2322835 -0.003937 0.2322835 0.003937 0 P 0
L 0.2322835 0.0354331 0.2322835 0.0433071 0 P 0
L 0.2322835 2.3228346 0.2401575 2.3228346 0 P 0
L 0.2355207 2.8502379 0.2355207 2.8581119 0 P 0
L 0.2362205 2.3188976 0.2362205 2.3267716 0 P 0
L 0.2401575 2.4173228 0.2480315 2.4173228 0 P 0
L 0.2401575 2.5354331 0.2480315 2.5354331 0 P 0
L 0.2401575 3.1417323 0.2480315 3.1417323 0 P 0
L 0.2401575 3.1850394 0.2480315 3.1850394 0 P 0
L 0.2401575 3.5866142 0.2480315 3.5866142 0 P 0
L 0.2440945 1.7992126 0.2519685 1.7992126 0 P 0
L 0.2440945 1.8464567 0.2519685 1.8464567 0 P 0
L 0.2440945 1.8937008 0.2519685 1.8937008 0 P 0
L 0.2440945 1.9409449 0.2519685 1.9409449 0 P 0
L 0.2440945 2.1062992 0.2519685 2.1062992 0 P 0
L 0.2440945 2.1535433 0.2519685 2.1535433 0 P 0
L 0.2440945 2.4133858 0.2440945 2.4212598 0 P 0
L 0.2440945 2.5314961 0.2440945 2.5393701 0 P 0
L 0.2440945 3.1377953 0.2440945 3.1456693 0 P 0
L 0.2440945 3.1811024 0.2440945 3.1889764 0 P 0
L 0.2440945 3.5826772 0.2440945 3.5905512 0 P 0
L 0.2480315 0.2874016 0.2559055 0.2874016 0 P 0
L 0.2480315 1.7952756 0.2480315 1.8031496 0 P 0
L 0.2480315 1.8425197 0.2480315 1.8503937 0 P 0
L 0.2480315 1.8897638 0.2480315 1.8976378 0 P 0
L 0.2480315 1.9370079 0.2480315 1.9448819 0 P 0
L 0.2480315 2.1023622 0.2480315 2.1102362 0 P 0
L 0.2480315 2.1496063 0.2480315 2.1574803 0 P 0
L 0.25 2.9330709 0.257874 2.9330709 0 P 0
L 0.2519685 0.2834646 0.2519685 0.2913386 0 P 0
L 0.2519685 2.5826772 0.2598425 2.5826772 0 P 0
L 0.253937 2.9291339 0.253937 2.9370079 0 P 0
L 0.2559055 0.503937 0.2637795 0.503937 0 P 0
L 0.2559055 2.5787402 0.2559055 2.5866142 0 P 0
L 0.2559055 3.9370079 0.2637795 3.9370079 0 P 0
L 0.2598425 0.5 0.2598425 0.507874 0 P 0
L 0.2598425 0.5433071 0.2677165 0.5433071 0 P 0
L 0.2598425 0.5905512 0.2677165 0.5905512 0 P 0
L 0.2598425 0.6377953 0.2677165 0.6377953 0 P 0
L 0.2598425 0.6850394 0.2677165 0.6850394 0 P 0
L 0.2598425 2.4645669 0.2677165 2.4645669 0 P 0
L 0.2598425 3.0511811 0.2677165 3.0511811 0 P 0
L 0.2598425 3.9330709 0.2598425 3.9409449 0 P 0
L 0.2610237 -0.0531496 0.2807087 -0.0531496 0 P 0
L 0.2610237 0.0964567 0.2807087 0.0964567 0 P 0
L 0.2637795 0.5393701 0.2637795 0.5472441 0 P 0
L 0.2637795 0.5866142 0.2637795 0.5944882 0 P 0
L 0.2637795 0.6338583 0.2637795 0.6417323 0 P 0
L 0.2637795 0.6811024 0.2637795 0.6889764 0 P 0
L 0.2637795 2.4606299 0.2637795 2.4685039 0 P 0
L 0.2637795 3.0472441 0.2637795 3.0551181 0 P 0
L 0.2677165 0.3543307 0.2755905 0.3543307 0 P 0
L 0.2677165 0.3937008 0.2755905 0.3937008 0 P 0
L 0.2708662 -0.0629921 0.2708662 -0.0433071 0 P 0
L 0.2708662 0.0866142 0.2708662 0.1062992 0 P 0
L 0.2716535 0.3503937 0.2716535 0.3582677 0 P 0
L 0.2716535 0.3897638 0.2716535 0.3976378 0 P 0
L 0.2716536 1.476378 0.2795276 1.476378 0 P 0
L 0.2755906 1.472441 0.2755906 1.480315 0 P 0
L 0.2755906 2.3228346 0.2834646 2.3228346 0 P 0
L 0.2755906 2.9685039 0.2834646 2.9685039 0 P 0
L 0.2755906 3.4606299 0.2834646 3.4606299 0 P 0
L 0.2795276 0.3149606 0.2874016 0.3149606 0 P 0
L 0.2795276 2.3188976 0.2795276 2.3267716 0 P 0
L 0.2795276 2.5393701 0.2874016 2.5393701 0 P 0
L 0.2795276 2.9645669 0.2795276 2.9724409 0 P 0
L 0.2795276 3.4566929 0.2795276 3.4645669 0 P 0
L 0.2834646 0.3110236 0.2834646 0.3188976 0 P 0
L 0.2834646 0.480315 0.2913386 0.480315 0 P 0
L 0.2834646 2.5354331 0.2834646 2.5433071 0 P 0
L 0.2874016 0.476378 0.2874016 0.484252 0 P 0
L 0.2913386 1.7992126 0.2992126 1.7992126 0 P 0
L 0.2913386 1.8464567 0.2992126 1.8464567 0 P 0
L 0.2913386 1.8937008 0.2992126 1.8937008 0 P 0
L 0.2913386 1.9409449 0.2992126 1.9409449 0 P 0
L 0.2952756 0.0354331 0.3031496 0.0354331 0 P 0
L 0.2952756 1.7952756 0.2952756 1.8031496 0 P 0
L 0.2952756 1.8425197 0.2952756 1.8503937 0 P 0
L 0.2952756 1.8897638 0.2952756 1.8976378 0 P 0
L 0.2952756 1.9370079 0.2952756 1.9448819 0 P 0
L 0.2952756 2.7952756 0.3031496 2.7952756 0 P 0
L 0.2952756 3.5748031 0.3031496 3.5748031 0 P 0
L 0.2952756 3.9370079 0.3031496 3.9370079 0 P 0
L 0.2992126 0.0314961 0.2992126 0.0393701 0 P 0
L 0.2992126 2.4645669 0.3070866 2.4645669 0 P 0
L 0.2992126 2.7913386 0.2992126 2.7992126 0 P 0
L 0.2992126 2.8503937 0.3070866 2.8503937 0 P 0
L 0.2992126 3.2795276 0.3070866 3.2795276 0 P 0
L 0.2992126 3.5708661 0.2992126 3.5787401 0 P 0
L 0.2992126 3.9330709 0.2992126 3.9409449 0 P 0
L 0.3031496 0.1653543 0.3110236 0.1653543 0 P 0
L 0.3031496 0.3464567 0.3110236 0.3464567 0 P 0
L 0.3031496 0.4055118 0.3110236 0.4055118 0 P 0
L 0.3031496 1.6181102 0.3110236 1.6181102 0 P 0
L 0.3031496 2.4606299 0.3031496 2.4685039 0 P 0
L 0.3031496 2.8464567 0.3031496 2.8543307 0 P 0
L 0.3031496 3.2755906 0.3031496 3.2834646 0 P 0
L 0.3070866 0.1614173 0.3070866 0.1692913 0 P 0
L 0.3070866 0.3425197 0.3070866 0.3503937 0 P 0
L 0.3070866 0.4015748 0.3070866 0.4094488 0 P 0
L 0.3070866 0.5433071 0.3149606 0.5433071 0 P 0
L 0.3070866 0.5905512 0.3149606 0.5905512 0 P 0
L 0.3070866 0.6377953 0.3149606 0.6377953 0 P 0
L 0.3070866 1.6141732 0.3070866 1.6220472 0 P 0
L 0.3070866 2.9448819 0.3149606 2.9448819 0 P 0
L 0.3070866 3.3188976 0.3149606 3.3188976 0 P 0
L 0.3070866 3.8188976 0.3149606 3.8188976 0 P 0
L 0.3081457 3.1472611 0.3160197 3.1472611 0 P 0
L 0.3110236 0.503937 0.3188976 0.503937 0 P 0
L 0.3110236 0.5393701 0.3110236 0.5472441 0 P 0
L 0.3110236 0.5866142 0.3110236 0.5944882 0 P 0
L 0.3110236 0.6338583 0.3110236 0.6417323 0 P 0
L 0.3110236 2.9409449 0.3110236 2.9488189 0 P 0
L 0.3110236 3.3149606 0.3110236 3.3228346 0 P 0
L 0.3110236 3.6811024 0.3188976 3.6811024 0 P 0
L 0.3110236 3.8149606 0.3110236 3.8228346 0 P 0
L 0.3120827 3.1433241 0.3120827 3.1511981 0 P 0
L 0.3149606 0.5 0.3149606 0.507874 0 P 0
L 0.3149606 3.6771654 0.3149606 3.6850394 0 P 0
L 0.315748 3.3866142 0.323622 3.3866142 0 P 0
L 0.3188976 -0.03937 0.3267716 -0.03937 0 P 0
L 0.3188976 -0.0866141 0.3267716 -0.0866141 0 P 0
L 0.3188976 1.492126 0.3267716 1.492126 0 P 0
L 0.3188976 2.5354331 0.3267716 2.5354331 0 P 0
L 0.319685 3.3826772 0.319685 3.3905512 0 P 0
L 0.3228346 -0.043307 0.3228346 -0.035433 0 P 0
L 0.3228346 -0.0905511 0.3228346 -0.0826771 0 P 0
L 0.3228346 1.488189 0.3228346 1.496063 0 P 0
L 0.3228346 2.5314961 0.3228346 2.5393701 0 P 0
L 0.3228347 0.1338583 0.3307087 0.1338583 0 P 0
L 0.3228347 0.3149606 0.3307087 0.3149606 0 P 0
L 0.3228347 3.2519685 0.3307087 3.2519685 0 P 0
L 0.3267717 0.019685 0.3346457 0.019685 0 P 0
L 0.3267717 0.0590551 0.3346457 0.0590551 0 P 0
L 0.3267717 0.1299213 0.3267717 0.1377953 0 P 0
L 0.3267717 0.3110236 0.3267717 0.3188976 0 P 0
L 0.3267717 0.3740157 0.3346457 0.3740157 0 P 0
L 0.3267717 2.7086614 0.3346457 2.7086614 0 P 0
L 0.3267717 2.7598425 0.3346457 2.7598425 0 P 0
L 0.3267717 3.2480315 0.3267717 3.2559055 0 P 0
L 0.3267717 3.6062992 0.3346457 3.6062992 0 P 0
L 0.3307087 0.015748 0.3307087 0.023622 0 P 0
L 0.3307087 0.0551181 0.3307087 0.0629921 0 P 0
L 0.3307087 0.3700787 0.3307087 0.3779527 0 P 0
L 0.3307087 0.9055118 0.3385827 0.9055118 0 P 0
L 0.3307087 2.7047244 0.3307087 2.7125984 0 P 0
L 0.3307087 2.7559055 0.3307087 2.7637795 0 P 0
L 0.3307087 3.6023622 0.3307087 3.6102362 0 P 0
L 0.3307087 3.9173228 0.3385827 3.9173228 0 P 0
L 0.3346457 0.9015748 0.3346457 0.9094488 0 P 0
L 0.3346457 3.9133858 0.3346457 3.9212598 0 P 0
L 0.3385827 2.4645669 0.3464567 2.4645669 0 P 0
L 0.3385827 3.0511811 0.3464567 3.0511811 0 P 0
L 0.3385827 3.8188976 0.3464567 3.8188976 0 P 0
L 0.3425197 2.4606299 0.3425197 2.4685039 0 P 0
L 0.3425197 3.0472441 0.3425197 3.0551181 0 P 0
L 0.3425197 3.3110236 0.3503937 3.3110236 0 P 0
L 0.3425197 3.6811024 0.3503937 3.6811024 0 P 0
L 0.3425197 3.8149606 0.3425197 3.8228346 0 P 0
L 0.3464567 1.6417323 0.3543307 1.6417323 0 P 0
L 0.3464567 3.1653543 0.3543307 3.1653543 0 P 0
L 0.3464567 3.3070866 0.3464567 3.3149606 0 P 0
L 0.3464567 3.6771654 0.3464567 3.6850394 0 P 0
L 0.3503937 0.4055118 0.3582677 0.4055118 0 P 0
L 0.3503937 1.6377953 0.3503937 1.6456693 0 P 0
L 0.3503937 3.1614173 0.3503937 3.1692913 0 P 0
L 0.3503937 3.2755906 0.3582677 3.2755906 0 P 0
L 0.3543307 0.4015748 0.3543307 0.4094488 0 P 0
L 0.3543307 0.5433071 0.3622047 0.5433071 0 P 0
L 0.3543307 0.5905512 0.3622047 0.5905512 0 P 0
L 0.3543307 3.2716536 0.3543307 3.2795276 0 P 0
L 0.3543307 3.9173228 0.3622047 3.9173228 0 P 0
L 0.3582677 0.5393701 0.3582677 0.5472441 0 P 0
L 0.3582677 0.5866142 0.3582677 0.5944882 0 P 0
L 0.3582677 2.1535433 0.3661417 2.1535433 0 P 0
L 0.3582677 2.2047244 0.3661417 2.2047244 0 P 0
L 0.3582677 2.5354331 0.3661417 2.5354331 0 P 0
L 0.3582677 3.9133858 0.3582677 3.9212598 0 P 0
L 0.3616142 3.4409449 0.3694882 3.4409449 0 P 0
L 0.3622047 0.3149606 0.3700787 0.3149606 0 P 0
L 0.3622047 2.1496063 0.3622047 2.1574803 0 P 0
L 0.3622047 2.2007874 0.3622047 2.2086614 0 P 0
L 0.3622047 2.5314961 0.3622047 2.5393701 0 P 0
L 0.3622047 3.4724409 0.3700787 3.4724409 0 P 0
L 0.3655512 3.4370079 0.3655512 3.4448819 0 P 0
L 0.3661417 -0.03937 0.3740157 -0.03937 0 P 0
L 0.3661417 -0.0866141 0.3740157 -0.0866141 0 P 0
L 0.3661417 0.3110236 0.3661417 0.3188976 0 P 0
L 0.3661417 3.4685039 0.3661417 3.4763779 0 P 0
L 0.3700787 -0.043307 0.3700787 -0.035433 0 P 0
L 0.3700787 -0.0905511 0.3700787 -0.0826771 0 P 0
L 0.3700787 1.496063 0.3779527 1.496063 0 P 0
L 0.3740157 1.492126 0.3740157 1.5 0 P 0
L 0.3740158 1.5748031 0.3818898 1.5748031 0 P 0
L 0.3779528 1.5708661 0.3779528 1.5787401 0 P 0
L 0.3779528 2.4645669 0.3858268 2.4645669 0 P 0
L 0.3779528 3.9291339 0.3858268 3.9291339 0 P 0
L 0.3818898 2.4606299 0.3818898 2.4685039 0 P 0
L 0.3818898 3.8188976 0.3897638 3.8188976 0 P 0
L 0.3818898 3.9251969 0.3818898 3.9330709 0 P 0
L 0.3858268 0.4055118 0.3937008 0.4055118 0 P 0
L 0.3858268 3.3031496 0.3937008 3.3031496 0 P 0
L 0.3858268 3.8149606 0.3858268 3.8228346 0 P 0
L 0.3897638 0.4015748 0.3897638 0.4094488 0 P 0
L 0.3897638 3.2047244 0.3976378 3.2047244 0 P 0
L 0.3897638 3.2992126 0.3897638 3.3070866 0 P 0
L 0.3937008 3.2007874 0.3937008 3.2086614 0 P 0
L 0.3937008 3.6773573 0.4015748 3.6773573 0 P 0
L 0.3937008 3.8897638 0.4015748 3.8897638 0 P 0
L 0.3976378 0.1850394 0.4055118 0.1850394 0 P 0
L 0.3976378 2.5354331 0.4055118 2.5354331 0 P 0
L 0.3976378 3.6734203 0.3976378 3.6812943 0 P 0
L 0.3976378 3.8858268 0.3976378 3.8937008 0 P 0
L 0.4015748 0.1811024 0.4015748 0.1889764 0 P 0
L 0.4015748 2.5314961 0.4015748 2.5393701 0 P 0
L 0.4015749 0.3188976 0.4094489 0.3188976 0 P 0
L 0.4015749 0.3740157 0.4094489 0.3740157 0 P 0
L 0.4055118 0.7283465 0.4133858 0.7283465 0 P 0
L 0.4055118 1.996063 0.4133858 1.996063 0 P 0
L 0.4055118 3.9133858 0.4133858 3.9133858 0 P 0
L 0.4055119 0.3149606 0.4055119 0.3228346 0 P 0
L 0.4055119 0.3700787 0.4055119 0.3779527 0 P 0
L 0.4094488 0.7244095 0.4094488 0.7322835 0 P 0
L 0.4094488 1.992126 0.4094488 2 0 P 0
L 0.4094488 2.1535433 0.4173228 2.1535433 0 P 0
L 0.4094488 2.2047244 0.4173228 2.2047244 0 P 0
L 0.4094488 2.8773949 0.4173228 2.8773949 0 P 0
L 0.4094488 3.9094488 0.4094488 3.9173228 0 P 0
L 0.4133858 -0.03937 0.4212598 -0.03937 0 P 0
L 0.4133858 -0.0866141 0.4212598 -0.0866141 0 P 0
L 0.4133858 0.0078741 0.4212598 0.0078741 0 P 0
L 0.4133858 0.0511811 0.4212598 0.0511811 0 P 0
L 0.4133858 2.1496063 0.4133858 2.1574803 0 P 0
L 0.4133858 2.2007874 0.4133858 2.2086614 0 P 0
L 0.4133858 2.8734579 0.4133858 2.8813319 0 P 0
L 0.4173228 -0.043307 0.4173228 -0.035433 0 P 0
L 0.4173228 -0.0905511 0.4173228 -0.0826771 0 P 0
L 0.4173228 0.0039371 0.4173228 0.0118111 0 P 0
L 0.4173228 0.0472441 0.4173228 0.0551181 0 P 0
L 0.4271654 2.9291339 0.4350394 2.9291339 0 P 0
L 0.4291339 0.3464567 0.4370079 0.3464567 0 P 0
L 0.4311024 2.9251969 0.4311024 2.9330709 0 P 0
L 0.4330709 0.3425197 0.4330709 0.3503937 0 P 0
L 0.4330709 3.1889764 0.4409449 3.1889764 0 P 0
L 0.4370079 2.5590551 0.4448819 2.5590551 0 P 0
L 0.4370079 3.1850394 0.4370079 3.1929134 0 P 0
L 0.4409449 0.3858268 0.4488189 0.3858268 0 P 0
L 0.4409449 2.5551181 0.4409449 2.5629921 0 P 0
L 0.4448819 0.3818898 0.4448819 0.3897638 0 P 0
L 0.4448819 3.8582677 0.4527559 3.8582677 0 P 0
L 0.4488189 2.8780629 0.4566929 2.8780629 0 P 0
L 0.4488189 3.8543307 0.4488189 3.8622047 0 P 0
L 0.4490157 3.6574819 0.4568897 3.6574819 0 P 0
L 0.4527559 2.8741259 0.4527559 2.8819999 0 P 0
L 0.4529527 3.6535449 0.4529527 3.6614189 0 P 0
L 0.4566929 2.4606299 0.4645669 2.4606299 0 P 0
L 0.4606299 -0.03937 0.4685039 -0.03937 0 P 0
L 0.4606299 -0.0866141 0.4685039 -0.0866141 0 P 0
L 0.4606299 0.0078741 0.4685039 0.0078741 0 P 0
L 0.4606299 0.0511811 0.4685039 0.0511811 0 P 0
L 0.4606299 2.4566929 0.4606299 2.4645669 0 P 0
L 0.4642301 2.1041765 0.4721041 2.1041765 0 P 0
L 0.4645669 -0.043307 0.4645669 -0.035433 0 P 0
L 0.4645669 -0.0905511 0.4645669 -0.0826771 0 P 0
L 0.4645669 0.0039371 0.4645669 0.0118111 0 P 0
L 0.4645669 0.0472441 0.4645669 0.0551181 0 P 0
L 0.4665354 2.9311024 0.4744094 2.9311024 0 P 0
L 0.4681671 2.1002395 0.4681671 2.1081135 0 P 0
L 0.4685039 0.3503937 0.4763779 0.3503937 0 P 0
L 0.4704724 2.9271654 0.4704724 2.9350394 0 P 0
L 0.4724409 0.3464567 0.4724409 0.3543307 0 P 0
L 0.476378 0.1850394 0.484252 0.1850394 0 P 0
L 0.476378 2.5472441 0.484252 2.5472441 0 P 0
L 0.476378 3.2047244 0.484252 3.2047244 0 P 0
L 0.480315 0.1811024 0.480315 0.1889764 0 P 0
L 0.480315 1.2874016 0.488189 1.2874016 0 P 0
L 0.480315 2.5433071 0.480315 2.5511811 0 P 0
L 0.480315 3.2007874 0.480315 3.2086614 0 P 0
L 0.484252 0.9173228 0.492126 0.9173228 0 P 0
L 0.484252 1.2834646 0.484252 1.2913386 0 P 0
L 0.4856229 2.8767245 0.4934969 2.8767245 0 P 0
L 0.4857213 0.6653543 0.4935953 0.6653543 0 P 0
L 0.4862204 0.214567 0.4940944 0.214567 0 P 0
L 0.4862204 0.3090552 0.4940944 0.3090552 0 P 0
L 0.4872047 1.7758407 0.4950787 1.7758407 0 P 0
L 0.488189 0.9133858 0.488189 0.9212598 0 P 0
L 0.488189 3.0551181 0.496063 3.0551181 0 P 0
L 0.4895599 2.8727875 0.4895599 2.8806615 0 P 0
L 0.4896583 0.6614173 0.4896583 0.6692913 0 P 0
L 0.4901574 0.21063 0.4901574 0.218504 0 P 0
L 0.4901574 0.3051182 0.4901574 0.3129922 0 P 0
L 0.4911417 1.7719037 0.4911417 1.7797777 0 P 0
L 0.492126 0.6220472 0.5 0.6220472 0 P 0
L 0.492126 3.0511811 0.492126 3.0590551 0 P 0
L 0.492126 3.3700787 0.5 3.3700787 0 P 0
L 0.492126 3.8779528 0.5 3.8779528 0 P 0
L 0.492126 3.9133858 0.5 3.9133858 0 P 0
L 0.496063 0.6181102 0.496063 0.6259842 0 P 0
L 0.496063 3.1338583 0.503937 3.1338583 0 P 0
L 0.496063 3.3661417 0.496063 3.3740157 0 P 0
L 0.496063 3.8740158 0.496063 3.8818898 0 P 0
L 0.496063 3.9094488 0.496063 3.9173228 0 P 0
L 0.5 3.1299213 0.5 3.1377953 0 P 0
L 0.5 3.1692913 0.507874 3.1692913 0 P 0
L 0.503937 0.3937008 0.511811 0.3937008 0 P 0
L 0.503937 2.5944882 0.511811 2.5944882 0 P 0
L 0.503937 3.1653543 0.503937 3.1732283 0 P 0
L 0.503937 3.6811024 0.511811 3.6811024 0 P 0
L 0.507874 -0.03937 0.515748 -0.03937 0 P 0
L 0.507874 -0.0866141 0.515748 -0.0866141 0 P 0
L 0.507874 0.3897638 0.507874 0.3976378 0 P 0
L 0.507874 2.5905512 0.507874 2.5984252 0 P 0
L 0.507874 3.6771654 0.507874 3.6850394 0 P 0
L 0.511811 -0.043307 0.511811 -0.035433 0 P 0
L 0.511811 -0.0905511 0.511811 -0.0826771 0 P 0
L 0.511811 3.8188976 0.519685 3.8188976 0 P 0
L 0.515748 1.6181102 0.523622 1.6181102 0 P 0
L 0.515748 3.0275591 0.523622 3.0275591 0 P 0
L 0.515748 3.8149606 0.515748 3.8228346 0 P 0
L 0.517126 3.3450787 0.525 3.3450787 0 P 0
L 0.519685 1.6141732 0.519685 1.6220472 0 P 0
L 0.519685 3.0236221 0.519685 3.0314961 0 P 0
L 0.519685 3.2204724 0.527559 3.2204724 0 P 0
L 0.519685 3.6062992 0.527559 3.6062992 0 P 0
L 0.521063 3.3411417 0.521063 3.3490157 0 P 0
L 0.5215874 2.1043969 0.5294614 2.1043969 0 P 0
L 0.5216536 3.2775591 0.5295276 3.2775591 0 P 0
L 0.523622 3.2165354 0.523622 3.2244094 0 P 0
L 0.523622 3.6023622 0.523622 3.6102362 0 P 0
L 0.5255244 2.1004599 0.5255244 2.1083339 0 P 0
L 0.5255906 3.2736221 0.5255906 3.2814961 0 P 0
L 0.5275591 2.4133858 0.5354331 2.4133858 0 P 0
L 0.5314961 2.2244094 0.5393701 2.2244094 0 P 0
L 0.5314961 2.2755906 0.5393701 2.2755906 0 P 0
L 0.5314961 2.4094488 0.5314961 2.4173228 0 P 0
L 0.532874 0.2183074 0.540748 0.2183074 0 P 0
L 0.5354331 2.2204724 0.5354331 2.2283464 0 P 0
L 0.5354331 2.2716536 0.5354331 2.2795276 0 P 0
L 0.5354331 2.976378 0.5433071 2.976378 0 P 0
L 0.5354331 3.0580709 0.5433071 3.0580709 0 P 0
L 0.5354331 3.1338583 0.5433071 3.1338583 0 P 0
L 0.5354331 3.3779528 0.5433071 3.3779528 0 P 0
L 0.536811 0.2143704 0.536811 0.2222444 0 P 0
L 0.5393701 0.3937008 0.5472441 0.3937008 0 P 0
L 0.5393701 2.972441 0.5393701 2.980315 0 P 0
L 0.5393701 3.0541339 0.5393701 3.0620079 0 P 0
L 0.5393701 3.1299213 0.5393701 3.1377953 0 P 0
L 0.5393701 3.3740158 0.5393701 3.3818898 0 P 0
L 0.5393701 3.6811024 0.5472441 3.6811024 0 P 0
L 0.5393701 3.8188976 0.5472441 3.8188976 0 P 0
L 0.5433071 0.3897638 0.5433071 0.3976378 0 P 0
L 0.5433071 3.6771654 0.5433071 3.6850394 0 P 0
L 0.5433071 3.8149606 0.5433071 3.8228346 0 P 0
L 0.5454331 1.0047205 0.5533071 1.0047205 0 P 0
L 0.5472441 0.1299213 0.5551181 0.1299213 0 P 0
L 0.5472445 0.0590551 0.5551185 0.0590551 0 P 0
L 0.5493701 1.0007835 0.5493701 1.0086575 0 P 0
L 0.5511811 0.011811 0.5590551 0.011811 0 P 0
L 0.5511811 0.1259843 0.5511811 0.1338583 0 P 0
L 0.5511811 1.6417323 0.5590551 1.6417323 0 P 0
L 0.5511811 1.8188976 0.5590551 1.8188976 0 P 0
L 0.5511815 0.0551181 0.5511815 0.0629921 0 P 0
L 0.5551181 -0.03937 0.5629921 -0.03937 0 P 0
L 0.5551181 -0.0866141 0.5629921 -0.0866141 0 P 0
L 0.5551181 0.007874 0.5551181 0.015748 0 P 0
L 0.5551181 0.5861384 0.5629921 0.5861384 0 P 0
L 0.5551181 1.6377953 0.5551181 1.6456693 0 P 0
L 0.5551181 1.7716535 0.5629921 1.7716535 0 P 0
L 0.5551181 1.8149606 0.5551181 1.8228346 0 P 0
L 0.5551181 3.3031496 0.5629921 3.3031496 0 P 0
L 0.5570866 0.3051182 0.5649606 0.3051182 0 P 0
L 0.5590551 -0.043307 0.5590551 -0.035433 0 P 0
L 0.5590551 -0.0905511 0.5590551 -0.0826771 0 P 0
L 0.5590551 0.5822014 0.5590551 0.5900754 0 P 0
L 0.5590551 1.7677165 0.5590551 1.7755905 0 P 0
L 0.5590551 3.2992126 0.5590551 3.3070866 0 P 0
L 0.5610236 0.3011812 0.5610236 0.3090552 0 P 0
L 0.5629921 2.976378 0.5708661 2.976378 0 P 0
L 0.5629921 3.3385827 0.5708661 3.3385827 0 P 0
L 0.5669291 0.2007874 0.5748031 0.2007874 0 P 0
L 0.5669291 2.972441 0.5669291 2.980315 0 P 0
L 0.5669291 3.3346457 0.5669291 3.3425197 0 P 0
L 0.5708661 0.1653543 0.5787401 0.1653543 0 P 0
L 0.5708661 0.1968504 0.5708661 0.2047244 0 P 0
L 0.5748031 0.1614173 0.5748031 0.1692913 0 P 0
L 0.5748032 1.2677165 0.7795276 1.2677165 0 P 0
L 0.5748032 2.5354331 0.5826772 2.5354331 0 P 0
L 0.5756309 3.1361429 0.5835049 3.1361429 0 P 0
L 0.5787402 0.0393701 0.5866142 0.0393701 0 P 0
L 0.5787402 1.519685 0.5866142 1.519685 0 P 0
L 0.5787402 2.5314961 0.5787402 2.5393701 0 P 0
L 0.5795679 3.1322059 0.5795679 3.1400799 0 P 0
L 0.5826772 0.0354331 0.5826772 0.0433071 0 P 0
L 0.5826772 1.515748 0.5826772 1.523622 0 P 0
L 0.5826772 3.0551181 0.5905512 3.0551181 0 P 0
L 0.5826772 3.2677165 0.5905512 3.2677165 0 P 0
L 0.5826772 3.6811024 0.5905512 3.6811024 0 P 0
L 0.5826772 3.8188976 0.5905512 3.8188976 0 P 0
L 0.5866142 3.0511811 0.5866142 3.0590551 0 P 0
L 0.5866142 3.2637795 0.5866142 3.2716535 0 P 0
L 0.5866142 3.6771654 0.5866142 3.6850394 0 P 0
L 0.5866142 3.8149606 0.5866142 3.8228346 0 P 0
L 0.5944882 1.7795276 0.6023622 1.7795276 0 P 0
L 0.5944882 2.1555118 0.6023622 2.1555118 0 P 0
L 0.5944882 2.2007874 0.6023622 2.2007874 0 P 0
L 0.5944882 2.253937 0.6023622 2.253937 0 P 0
L 0.5944882 3.3110236 0.6023622 3.3110236 0 P 0
L 0.5984252 0.3976378 0.6062992 0.3976378 0 P 0
L 0.5984252 1.7755906 0.5984252 1.7834646 0 P 0
L 0.5984252 2.1515748 0.5984252 2.1594488 0 P 0
L 0.5984252 2.1968504 0.5984252 2.2047244 0 P 0
L 0.5984252 2.25 0.5984252 2.257874 0 P 0
L 0.5984252 3.2244094 0.6062992 3.2244094 0 P 0
L 0.5984252 3.3070866 0.5984252 3.3149606 0 P 0
L 0.5984252 3.6062992 0.6062992 3.6062992 0 P 0
L 0.5984252 3.9291339 0.6062992 3.9291339 0 P 0
L 0.6011811 -0.0531496 0.6208661 -0.0531496 0 P 0
L 0.6011811 0.0964567 0.6208661 0.0964567 0 P 0
L 0.6023622 0.3937008 0.6023622 0.4015748 0 P 0
L 0.6023622 3 0.6102362 3 0 P 0
L 0.6023622 3.2204724 0.6023622 3.2283464 0 P 0
L 0.6023622 3.6023622 0.6023622 3.6102362 0 P 0
L 0.6023622 3.9251969 0.6023622 3.9330709 0 P 0
L 0.6062992 2.6811024 0.6141732 2.6811024 0 P 0
L 0.6062992 2.8779528 0.6141732 2.8779528 0 P 0
L 0.6062992 2.996063 0.6062992 3.003937 0 P 0
L 0.6102362 2.6771654 0.6102362 2.6850394 0 P 0
L 0.6102362 2.8740158 0.6102362 2.8818898 0 P 0
L 0.6102362 3.9645669 0.6181102 3.9645669 0 P 0
L 0.6110236 -0.0629921 0.6110236 -0.0433071 0 P 0
L 0.6110236 0.0866142 0.6110236 0.1062992 0 P 0
L 0.6141732 2.5354331 0.6220472 2.5354331 0 P 0
L 0.6141732 3.9606299 0.6141732 3.9685039 0 P 0
L 0.6181102 2.5314961 0.6181102 2.5393701 0 P 0
L 0.6220473 1.6614173 0.6299213 1.6614173 0 P 0
L 0.6220473 1.8188976 0.6299213 1.8188976 0 P 0
L 0.6220473 3.7874016 0.6299213 3.7874016 0 P 0
L 0.6259843 1.6574803 0.6259843 1.6653543 0 P 0
L 0.6259843 1.8149606 0.6259843 1.8228346 0 P 0
L 0.6259843 2.6417323 0.6338583 2.6417323 0 P 0
L 0.6259843 2.9330709 0.6338583 2.9330709 0 P 0
L 0.6259843 3.2952756 0.6338583 3.2952756 0 P 0
L 0.6259843 3.7834646 0.6259843 3.7913386 0 P 0
L 0.6299213 2.6377953 0.6299213 2.6456693 0 P 0
L 0.6299213 2.9291339 0.6299213 2.9370079 0 P 0
L 0.6299213 3.1653543 0.6377953 3.1653543 0 P 0
L 0.6299213 3.2913386 0.6299213 3.2992126 0 P 0
L 0.6338583 2.4015748 0.6417323 2.4015748 0 P 0
L 0.6338583 3.1614173 0.6338583 3.1692913 0 P 0
L 0.6361349 0.2952758 0.6440089 0.2952758 0 P 0
L 0.6377953 2.3976378 0.6377953 2.4055118 0 P 0
L 0.6377953 3.019685 0.6456693 3.019685 0 P 0
L 0.6377953 3.0551181 0.6456693 3.0551181 0 P 0
L 0.6400719 0.2913388 0.6400719 0.2992128 0 P 0
L 0.6417323 3.015748 0.6417323 3.023622 0 P 0
L 0.6417323 3.0511811 0.6417323 3.0590551 0 P 0
L 0.6417323 3.4645669 0.6496063 3.4645669 0 P 0
L 0.6417323 3.6929134 0.6496063 3.6929134 0 P 0
L 0.6456693 0.8031496 0.6535433 0.8031496 0 P 0
L 0.6456693 0.8464567 0.6535433 0.8464567 0 P 0
L 0.6456693 3.4606299 0.6456693 3.4685039 0 P 0
L 0.6456693 3.6889764 0.6456693 3.6968504 0 P 0
L 0.6496063 0.7992126 0.6496063 0.8070866 0 P 0
L 0.6496063 0.8425197 0.6496063 0.8503937 0 P 0
L 0.6496063 1.5 0.6574803 1.5 0 P 0
L 0.6535433 1.496063 0.6535433 1.503937 0 P 0
L 0.6535433 1.8188976 0.6614173 1.8188976 0 P 0
L 0.6535433 2.4527559 0.6614173 2.4527559 0 P 0
L 0.6535433 2.5354331 0.6614173 2.5354331 0 P 0
L 0.6574803 1.8149606 0.6574803 1.8228346 0 P 0
L 0.6574803 2.4488189 0.6574803 2.4566929 0 P 0
L 0.6574803 2.5314961 0.6574803 2.5393701 0 P 0
L 0.6574804 3.4094488 0.6653544 3.4094488 0 P 0
L 0.6614173 0.1574803 0.6692913 0.1574803 0 P 0
L 0.6614174 3.4055118 0.6614174 3.4133858 0 P 0
L 0.6628221 0.2164859 0.6706961 0.2164859 0 P 0
L 0.6633858 0.2578741 0.6712598 0.2578741 0 P 0
L 0.6653543 0.1535433 0.6653543 0.1614173 0 P 0
L 0.6653543 1.7047244 0.6732283 1.7047244 0 P 0
L 0.6653543 1.7362205 0.6732283 1.7362205 0 P 0
L 0.6667591 0.2125489 0.6667591 0.2204229 0 P 0
L 0.6673228 0.2539371 0.6673228 0.2618111 0 P 0
L 0.6692913 0.3937008 0.6771653 0.3937008 0 P 0
L 0.6692913 1.7007874 0.6692913 1.7086614 0 P 0
L 0.6692913 1.7322835 0.6692913 1.7401575 0 P 0
L 0.6732283 0.3897638 0.6732283 0.3976378 0 P 0
L 0.6732284 1.1062992 0.6811024 1.1062992 0 P 0
L 0.6732284 2.7559055 0.6811024 2.7559055 0 P 0
L 0.6751969 2.8759843 0.6830709 2.8759843 0 P 0
L 0.6771654 0.0433071 0.6850394 0.0433071 0 P 0
L 0.6771654 1.003937 0.6850394 1.003937 0 P 0
L 0.6771654 1.1023622 0.6771654 1.1102362 0 P 0
L 0.6771654 1.1653543 0.6771654 1.3700787 0 P 0
L 0.6771654 2.7519685 0.6771654 2.7598425 0 P 0
L 0.6771654 2.8382253 0.6850394 2.8382253 0 P 0
L 0.6791339 2.8720473 0.6791339 2.8799213 0 P 0
L 0.6811024 0.0393701 0.6811024 0.0472441 0 P 0
L 0.6811024 1 0.6811024 1.007874 0 P 0
L 0.6811024 1.8031496 0.6889764 1.8031496 0 P 0
L 0.6811024 2.4212598 0.6889764 2.4212598 0 P 0
L 0.6811024 2.8342883 0.6811024 2.8421623 0 P 0
L 0.6850394 0.7598425 0.6929134 0.7598425 0 P 0
L 0.6850394 1.7992126 0.6850394 1.8070866 0 P 0
L 0.6850394 2.4173228 0.6850394 2.4251968 0 P 0
L 0.6850394 2.6811024 0.6929134 2.6811024 0 P 0
L 0.6850394 3.1220472 0.6929134 3.1220472 0 P 0
L 0.6850394 3.7362205 0.6929134 3.7362205 0 P 0
L 0.6889764 0.5511811 0.6968504 0.5511811 0 P 0
L 0.6889764 0.7559055 0.6889764 0.7637795 0 P 0
L 0.6889764 2.6771654 0.6889764 2.6850394 0 P 0
L 0.6889764 3.1181102 0.6889764 3.1259842 0 P 0
L 0.6889764 3.7322835 0.6889764 3.7401575 0 P 0
L 0.6929134 0.5472441 0.6929134 0.5551181 0 P 0
L 0.6968504 0.1692913 0.7047244 0.1692913 0 P 0
L 0.7007874 0.1653543 0.7007874 0.1732283 0 P 0
L 0.7007874 2.4645669 0.7086614 2.4645669 0 P 0
L 0.7047244 2.3818898 0.7125984 2.3818898 0 P 0
L 0.7047244 2.4606299 0.7047244 2.4685039 0 P 0
L 0.7047244 2.507874 0.7125984 2.507874 0 P 0
L 0.7047244 3.6850394 0.7125984 3.6850394 0 P 0
L 0.7086614 2.3779528 0.7086614 2.3858268 0 P 0
L 0.7086614 2.503937 0.7086614 2.511811 0 P 0
L 0.7086614 3.6417323 0.7165354 3.6417323 0 P 0
L 0.7086614 3.6811024 0.7086614 3.6889764 0 P 0
L 0.7125984 0.8858268 0.7204724 0.8858268 0 P 0
L 0.7125984 3.4330709 0.7204724 3.4330709 0 P 0
L 0.7125984 3.6377953 0.7125984 3.6456693 0 P 0
L 0.7165354 0.8818898 0.7165354 0.8897638 0 P 0
L 0.7165354 3.4291339 0.7165354 3.4370079 0 P 0
L 0.7171271 0.3295387 0.7250011 0.3295387 0 P 0
L 0.7204724 1.0275591 0.7283464 1.0275591 0 P 0
L 0.7204724 3.1692913 0.7283464 3.1692913 0 P 0
L 0.7210641 0.3256017 0.7210641 0.3334757 0 P 0
L 0.7224409 3.3484252 0.7303149 3.3484252 0 P 0
L 0.7244094 1.0236221 0.7244094 1.0314961 0 P 0
L 0.7244094 3.1653543 0.7244094 3.1732283 0 P 0
L 0.7244095 0.1417323 0.7322835 0.1417323 0 P 0
L 0.7263779 3.3444882 0.7263779 3.3523622 0 P 0
L 0.7283465 0.1377953 0.7283465 0.1456693 0 P 0
L 0.7283465 0.8346457 0.7362205 0.8346457 0 P 0
L 0.7322835 0.8307087 0.7322835 0.8385827 0 P 0
L 0.7322835 3.3110236 0.7401575 3.3110236 0 P 0
L 0.7322835 3.4527559 0.7401575 3.4527559 0 P 0
L 0.7362205 3.3070866 0.7362205 3.3149606 0 P 0
L 0.7362205 3.4488189 0.7362205 3.4566929 0 P 0
L 0.7440945 0.5511811 0.7519685 0.5511811 0 P 0
L 0.7480315 0.5472441 0.7480315 0.5551181 0 P 0
L 0.7480315 0.6929134 0.7559055 0.6929134 0 P 0
L 0.7519685 0.6889764 0.7519685 0.6968504 0 P 0
L 0.7519685 0.9370079 0.7598425 0.9370079 0 P 0
L 0.7519685 1.1259843 0.7598425 1.1259843 0 P 0
L 0.7519685 3.1102362 0.7598425 3.1102362 0 P 0
L 0.7559055 0.8818898 0.7637795 0.8818898 0 P 0
L 0.7559055 0.9330709 0.7559055 0.9409449 0 P 0
L 0.7559055 1.1220473 0.7559055 1.1299213 0 P 0
L 0.7559055 3.1062992 0.7559055 3.1141732 0 P 0
L 0.7559055 3.1653543 0.7637795 3.1653543 0 P 0
L 0.7598425 0.8779528 0.7598425 0.8858268 0 P 0
L 0.7598425 2.7047244 0.7677165 2.7047244 0 P 0
L 0.7598425 3.1614173 0.7598425 3.1692913 0 P 0
L 0.7598425 3.2007874 0.7677165 3.2007874 0 P 0
L 0.7637795 0.1417323 0.7716535 0.1417323 0 P 0
L 0.7637795 0.2007874 0.7716535 0.2007874 0 P 0
L 0.7637795 0.8346457 0.7716535 0.8346457 0 P 0
L 0.7637795 2.7007874 0.7637795 2.7086614 0 P 0
L 0.7637795 2.8307087 0.7716535 2.8307087 0 P 0
L 0.7637795 3.1968504 0.7637795 3.2047244 0 P 0
L 0.7637795 3.3464567 0.7716535 3.3464567 0 P 0
L 0.7677165 0.1377953 0.7677165 0.1456693 0 P 0
L 0.7677165 0.1968504 0.7677165 0.2047244 0 P 0
L 0.7677165 0.8307087 0.7677165 0.8385827 0 P 0
L 0.7677165 2.7755906 0.7755905 2.7755906 0 P 0
L 0.7677165 2.8267717 0.7677165 2.8346457 0 P 0
L 0.7677165 3.2755906 0.7755905 3.2755906 0 P 0
L 0.7677165 3.3425197 0.7677165 3.3503937 0 P 0
L 0.7677165 3.476378 0.7755905 3.476378 0 P 0
L 0.7708662 2.976378 0.7787402 2.976378 0 P 0
L 0.7716535 2.7716536 0.7716535 2.7795276 0 P 0
L 0.7716535 3.2716536 0.7716535 3.2795276 0 P 0
L 0.7716535 3.472441 0.7716535 3.480315 0 P 0
L 0.7748032 2.972441 0.7748032 2.980315 0 P 0
L 0.7755906 1.5433071 0.7834646 1.5433071 0 P 0
L 0.7766989 0.2823563 0.7845729 0.2823563 0 P 0
L 0.7795276 1.5393701 0.7795276 1.5472441 0 P 0
L 0.7806359 0.2784193 0.7806359 0.2862933 0 P 0
L 0.78937 0.9370079 0.797244 0.9370079 0 P 0
L 0.7913386 1.1259843 0.7992126 1.1259843 0 P 0
L 0.7913386 3.1102362 0.7992126 3.1102362 0 P 0
L 0.793307 0.9330709 0.793307 0.9409449 0 P 0
L 0.7952756 0.480315 0.8031496 0.480315 0 P 0
L 0.7952756 1.1220473 0.7952756 1.1299213 0 P 0
L 0.7952756 3.1062992 0.7952756 3.1141732 0 P 0
L 0.7992126 0.476378 0.7992126 0.484252 0 P 0
L 0.7992126 0.6220472 0.8070866 0.6220472 0 P 0
L 0.8031496 0.6181102 0.8031496 0.6259842 0 P 0
L 0.8031496 2.5433071 0.8110236 2.5433071 0 P 0
L 0.8070866 2.5393701 0.8070866 2.5472441 0 P 0
L 0.8149606 2.8897638 0.8228346 2.8897638 0 P 0
L 0.8149607 3.4015748 0.8228347 3.4015748 0 P 0
L 0.8188976 0.2795276 0.8267716 0.2795276 0 P 0
L 0.8188976 0.988189 0.8267716 0.988189 0 P 0
L 0.8188976 2.8858268 0.8188976 2.8937008 0 P 0
L 0.8188977 3.3976378 0.8188977 3.4055118 0 P 0
L 0.8228346 0.2755906 0.8228346 0.2834646 0 P 0
L 0.8228346 0.984252 0.8228346 0.992126 0 P 0
L 0.8248031 3.2047244 0.8326771 3.2047244 0 P 0
L 0.8287401 3.2007874 0.8287401 3.2086614 0 P 0
L 0.8336615 0.8858268 0.8415355 0.8858268 0 P 0
L 0.8346457 0.480315 0.8425197 0.480315 0 P 0
L 0.8346457 2.7913386 0.8425197 2.7913386 0 P 0
L 0.8346457 2.9685039 0.8425197 2.9685039 0 P 0
L 0.8346457 3.011811 0.8425197 3.011811 0 P 0
L 0.8346457 3.4015748 0.8425197 3.4015748 0 P 0
L 0.8375985 0.8818898 0.8375985 0.8897638 0 P 0
L 0.8385827 0.476378 0.8385827 0.484252 0 P 0
L 0.8385827 2.7874016 0.8385827 2.7952756 0 P 0
L 0.8385827 2.9645669 0.8385827 2.9724409 0 P 0
L 0.8385827 3.007874 0.8385827 3.015748 0 P 0
L 0.8385827 3.1062992 0.8464567 3.1062992 0 P 0
L 0.8385827 3.1417323 0.8464567 3.1417323 0 P 0
L 0.8385827 3.3976378 0.8385827 3.4055118 0 P 0
L 0.8425197 1.7905605 0.8503937 1.7905605 0 P 0
L 0.8425197 1.9606299 0.8503937 1.9606299 0 P 0
L 0.8425197 3.1023622 0.8425197 3.1102362 0 P 0
L 0.8425197 3.1377953 0.8425197 3.1456693 0 P 0
L 0.8464567 1.7866235 0.8464567 1.7944975 0 P 0
L 0.8464567 1.9566929 0.8464567 1.9645669 0 P 0
L 0.8464567 2.4724409 0.8543307 2.4724409 0 P 0
L 0.8464567 3.2834646 0.8543307 3.2834646 0 P 0
L 0.847441 0 0.9163386 0 0 P 0
L 0.847441 3.8700787 0.9163386 3.8700787 0 P 0
L 0.8503937 2.4685039 0.8503937 2.4763779 0 P 0
L 0.8503937 3.2795276 0.8503937 3.2874016 0 P 0
L 0.8543307 2.7007874 0.8622047 2.7007874 0 P 0
L 0.8543307 2.8858268 0.8622047 2.8858268 0 P 0
L 0.8543308 3.4015748 0.8622048 3.4015748 0 P 0
L 0.8582677 2.6968504 0.8582677 2.7047244 0 P 0
L 0.8582677 2.8818898 0.8582677 2.8897638 0 P 0
L 0.8582678 3.3976378 0.8582678 3.4055118 0 P 0
L 0.8661417 2.4094488 0.8740157 2.4094488 0 P 0
L 0.8661417 3.2480315 0.8740157 3.2480315 0 P 0
L 0.8700787 2.4055118 0.8700787 2.4133858 0 P 0
L 0.8700787 3.2440945 0.8700787 3.2519685 0 P 0
L 0.8720472 3.019685 0.9015748 3.019685 0 P 0
L 0.8779528 0.3228346 0.8858268 0.3228346 0 P 0
L 0.8779528 2.3700787 0.8858268 2.3700787 0 P 0
L 0.8818898 -0.0344488 0.8818898 0.0344488 0 P 0
L 0.8818898 0.3188976 0.8818898 0.3267716 0 P 0
L 0.8818898 2.3661417 0.8818898 2.3740157 0 P 0
L 0.8818898 2.6141732 0.8897638 2.6141732 0 P 0
L 0.8818898 3.5393701 0.8897638 3.5393701 0 P 0
L 0.8818898 3.5787402 0.8897638 3.5787402 0 P 0
L 0.8818898 3.8356299 0.8818898 3.9045275 0 P 0
L 0.8858268 0.1417323 0.8937008 0.1417323 0 P 0
L 0.8858268 1.9566929 0.8937008 1.9566929 0 P 0
L 0.8858268 2.6102362 0.8858268 2.6181102 0 P 0
L 0.8858268 3.2834646 0.8937008 3.2834646 0 P 0
L 0.8858268 3.5354331 0.8858268 3.5433071 0 P 0
L 0.8858268 3.5748032 0.8858268 3.5826772 0 P 0
L 0.886811 3.0049212 0.886811 3.0344488 0 P 0
L 0.8875693 1.6828449 0.8954433 1.6828449 0 P 0
L 0.8875693 1.8600102 0.8954433 1.8600102 0 P 0
L 0.8897638 0.1377953 0.8897638 0.1456693 0 P 0
L 0.8897638 1.5708661 0.8976378 1.5708661 0 P 0
L 0.8897638 1.9527559 0.8897638 1.9606299 0 P 0
L 0.8897638 3.2795276 0.8897638 3.2874016 0 P 0
L 0.8915063 1.6789079 0.8915063 1.6867819 0 P 0
L 0.8915063 1.8560732 0.8915063 1.8639472 0 P 0
L 0.8937008 1.5669291 0.8937008 1.5748031 0 P 0
L 0.8976229 1.607935 0.9054969 1.607935 0 P 0
L 0.8976378 1.7834645 0.9055118 1.7834645 0 P 0
L 0.9015599 1.603998 0.9015599 1.611872 0 P 0
L 0.9015748 1.1850394 0.9094488 1.1850394 0 P 0
L 0.9015748 1.7795275 0.9015748 1.7874015 0 P 0
L 0.905372 0.2166752 0.913246 0.2166752 0 P 0
L 0.9055118 1.1811024 0.9055118 1.1889764 0 P 0
L 0.9055118 3.2480315 0.9133858 3.2480315 0 P 0
L 0.9055118 3.6141732 0.9133858 3.6141732 0 P 0
L 0.9055118 3.6535433 0.9133858 3.6535433 0 P 0
L 0.9055118 3.6929134 0.9133858 3.6929134 0 P 0
L 0.9055119 2.0314959 0.9133859 2.0314959 0 P 0
L 0.9057013 2.8579141 0.9135753 2.8579141 0 P 0
L 0.909309 0.2127382 0.909309 0.2206122 0 P 0
L 0.9094488 0.4527559 0.9173228 0.4527559 0 P 0
L 0.9094488 2.476378 0.9173228 2.476378 0 P 0
L 0.9094488 2.5551181 0.9173228 2.5551181 0 P 0
L 0.9094488 3.2440945 0.9094488 3.2519685 0 P 0
L 0.9094488 3.6102362 0.9094488 3.6181102 0 P 0
L 0.9094488 3.6496063 0.9094488 3.6574803 0 P 0
L 0.9094488 3.6889764 0.9094488 3.6968504 0 P 0
L 0.9094489 2.0275589 0.9094489 2.0354329 0 P 0
L 0.9096383 2.8539771 0.9096383 2.8618511 0 P 0
L 0.9133858 0.4488189 0.9133858 0.4566929 0 P 0
L 0.9133858 0.8464567 0.9212598 0.8464567 0 P 0
L 0.9133858 1.9212598 0.9212598 1.9212598 0 P 0
L 0.9133858 2.472441 0.9133858 2.480315 0 P 0
L 0.9133858 2.5511811 0.9133858 2.5590551 0 P 0
L 0.9153543 3.3996064 0.9232283 3.3996064 0 P 0
L 0.9153543 3.4192915 0.9232283 3.4192915 0 P 0
L 0.9153543 3.4389765 0.9232283 3.4389765 0 P 0
L 0.9153544 1.7440944 0.9232284 1.7440944 0 P 0
L 0.9173228 0.8425197 0.9173228 0.8503937 0 P 0
L 0.9173228 1.9173228 0.9173228 1.9251968 0 P 0
L 0.9192913 3.3956694 0.9192913 3.4035434 0 P 0
L 0.9192913 3.4153545 0.9192913 3.4232285 0 P 0
L 0.9192913 3.4350395 0.9192913 3.4429135 0 P 0
L 0.9192914 1.7401574 0.9192914 1.7480314 0 P 0
L 0.9251969 2.6141732 0.9330709 2.6141732 0 P 0
L 0.9251969 3.2834646 0.9330709 3.2834646 0 P 0
L 0.9253937 0.2796674 0.9332677 0.2796674 0 P 0
L 0.9291339 0.5905512 0.9370079 0.5905512 0 P 0
L 0.9291339 2.6102362 0.9291339 2.6181102 0 P 0
L 0.9291339 3.2795276 0.9291339 3.2874016 0 P 0
L 0.9293307 0.2757304 0.9293307 0.2836044 0 P 0
L 0.9330709 0.1299213 0.9409449 0.1299213 0 P 0
L 0.9330709 0.5866142 0.9330709 0.5944882 0 P 0
L 0.9331037 1.5507821 0.9409777 1.5507821 0 P 0
L 0.9370079 0.1259843 0.9370079 0.1338583 0 P 0
L 0.9370079 0.8110236 0.9448819 0.8110236 0 P 0
L 0.9370079 1.6889764 0.9448819 1.6889764 0 P 0
L 0.9370079 1.7716535 0.9448819 1.7716535 0 P 0
L 0.9370079 1.8661417 0.9448819 1.8661417 0 P 0
L 0.9370407 1.5468451 0.9370407 1.5547191 0 P 0
L 0.9409449 0.8070866 0.9409449 0.8149606 0 P 0
L 0.9409449 1.6850394 0.9409449 1.6929134 0 P 0
L 0.9409449 1.7677165 0.9409449 1.7755905 0 P 0
L 0.9409449 1.8622047 0.9409449 1.8700787 0 P 0
L 0.9448819 0.6377953 0.9527559 0.6377953 0 P 0
L 0.9488189 0.6338583 0.9488189 0.6417323 0 P 0
L 0.9488189 1.1456693 0.9566929 1.1456693 0 P 0
L 0.9488189 1.8070866 0.9566929 1.8070866 0 P 0
L 0.9527559 1.1417323 0.9527559 1.1496063 0 P 0
L 0.9527559 1.8031496 0.9527559 1.8110236 0 P 0
L 0.9527559 2.3425197 0.9606299 2.3425197 0 P 0
L 0.9542101 1.6299212 0.9620841 1.6299212 0 P 0
L 0.9566929 0.6732283 0.9645669 0.6732283 0 P 0
L 0.9566929 2.3385827 0.9566929 2.3464567 0 P 0
L 0.9581471 1.6259842 0.9581471 1.6338582 0 P 0
L 0.9606299 0.6692913 0.9606299 0.6771653 0 P 0
L 0.9606299 0.7086614 0.9685039 0.7086614 0 P 0
L 0.9606299 2.0590551 0.9685039 2.0590551 0 P 0
L 0.9606299 2.7440945 0.9685039 2.7440945 0 P 0
L 0.9645669 0.7047244 0.9645669 0.7125984 0 P 0
L 0.9645669 2.0551181 0.9645669 2.0629921 0 P 0
L 0.9645669 2.7401575 0.9645669 2.7480315 0 P 0
L 0.9645669 3.3149606 0.9724409 3.3149606 0 P 0
L 0.9645669 3.3582677 0.9724409 3.3582677 0 P 0
L 0.9645669 3.4015748 0.9724409 3.4015748 0 P 0
L 0.9645669 3.4409449 0.9724409 3.4409449 0 P 0
L 0.9645669 3.480315 0.9724409 3.480315 0 P 0
L 0.9685039 0.7834646 0.9763779 0.7834646 0 P 0
L 0.9685039 1.023622 0.9763779 1.023622 0 P 0
L 0.9685039 3.2007874 0.9763779 3.2007874 0 P 0
L 0.9685039 3.3110236 0.9685039 3.3188976 0 P 0
L 0.9685039 3.3543307 0.9685039 3.3622047 0 P 0
L 0.9685039 3.3976378 0.9685039 3.4055118 0 P 0
L 0.9685039 3.4370079 0.9685039 3.4448819 0 P 0
L 0.9685039 3.476378 0.9685039 3.484252 0 P 0
L 0.9724409 0.7795276 0.9724409 0.7874016 0 P 0
L 0.9724409 1.019685 0.9724409 1.027559 0 P 0
L 0.9724409 3.1968504 0.9724409 3.2047244 0 P 0
L 0.972441 1.6062992 0.980315 1.6062992 0 P 0
L 0.972441 2.5826772 0.980315 2.5826772 0 P 0
L 0.976378 1.6023622 0.976378 1.6102362 0 P 0
L 0.976378 2.503937 0.984252 2.503937 0 P 0
L 0.976378 2.5787402 0.976378 2.5866142 0 P 0
L 0.980315 2.5 0.980315 2.507874 0 P 0
L 0.980315 3.019685 1.0098426 3.019685 0 P 0
L 0.984252 0.0866142 0.992126 0.0866142 0 P 0
L 0.988189 0.0826772 0.988189 0.0905512 0 P 0
L 0.988189 2.6811024 0.996063 2.6811024 0 P 0
L 0.992126 2.6771654 0.992126 2.6850394 0 P 0
L 0.9950788 3.0049212 0.9950788 3.0344488 0 P 0
L 1 3.1299213 1.007874 3.1299213 0 P 0
L 1.003937 2.9094488 1.011811 2.9094488 0 P 0
L 1.003937 3.1259843 1.003937 3.1338583 0 P 0
L 1.007874 2.9055118 1.007874 2.9133858 0 P 0
L 1.015748 0.4488189 1.023622 0.4488189 0 P 0
L 1.015748 1.519685 1.023622 1.519685 0 P 0
L 1.019685 0.4448819 1.019685 0.4527559 0 P 0
L 1.019685 1.515748 1.019685 1.523622 0 P 0
L 1.0196851 0.3149607 1.0275591 0.3149607 0 P 0
L 1.0236221 0.3110237 1.0236221 0.3188977 0 P 0
L 1.0275591 0.0669291 1.0354331 0.0669291 0 P 0
L 1.0314961 0.0629921 1.0314961 0.0708661 0 P 0
L 1.0393701 0.476378 1.0472441 0.476378 0 P 0
L 1.0393701 1.4643429 1.0472441 1.4643429 0 P 0
L 1.0433071 0.472441 1.0433071 0.480315 0 P 0
L 1.0433071 1.4604059 1.0433071 1.4682799 0 P 0
